29.775390625 18.701171875 523369.140625 0.6767578125 0.2802734375 453.61328125
14.130859375 18.701171875 523369.140625 0.6767578125 0.2802734375 453.61328125
29.775390625 90.947265625 523369.140625 0.6767578125 0.2802734375 453.61328125
29.775390625 18.701171875 505966.796875 0.6767578125 0.2802734375 453.61328125
29.775390625 18.701171875 523369.140625 0.0693359375 0.2802734375 453.61328125
29.775390625 18.701171875 523369.140625 0.6767578125 0.0849609375 453.61328125
29.775390625 18.701171875 523369.140625 0.6767578125 0.2802734375 127.44140625
29.775390625 90.947265625 505966.796875 0.0693359375 0.0849609375 127.44140625
14.130859375 18.701171875 505966.796875 0.0693359375 0.0849609375 127.44140625
14.130859375 90.947265625 523369.140625 0.0693359375 0.0849609375 127.44140625
14.130859375 90.947265625 505966.796875 0.6767578125 0.0849609375 127.44140625
14.130859375 90.947265625 505966.796875 0.0693359375 0.2802734375 127.44140625
14.130859375 90.947265625 505966.796875 0.0693359375 0.0849609375 453.61328125
14.130859375 90.947265625 505966.796875 0.0693359375 0.0849609375 127.44140625
74.775390625 63.701171875 28369.140625 0.1767578125 0.7802734375 203.61328125
59.130859375 63.701171875 28369.140625 0.1767578125 0.7802734375 203.61328125
74.775390625 45.947265625 28369.140625 0.1767578125 0.7802734375 203.61328125
74.775390625 63.701171875 10966.796875 0.1767578125 0.7802734375 203.61328125
74.775390625 63.701171875 28369.140625 0.5693359375 0.7802734375 203.61328125
74.775390625 63.701171875 28369.140625 0.1767578125 0.5849609375 203.61328125
74.775390625 63.701171875 28369.140625 0.1767578125 0.7802734375 377.44140625
74.775390625 45.947265625 10966.796875 0.5693359375 0.5849609375 377.44140625
59.130859375 63.701171875 10966.796875 0.5693359375 0.5849609375 377.44140625
59.130859375 45.947265625 28369.140625 0.5693359375 0.5849609375 377.44140625
59.130859375 45.947265625 10966.796875 0.1767578125 0.5849609375 377.44140625
59.130859375 45.947265625 10966.796875 0.5693359375 0.7802734375 377.44140625
59.130859375 45.947265625 10966.796875 0.5693359375 0.5849609375 203.61328125
59.130859375 45.947265625 10966.796875 0.5693359375 0.5849609375 377.44140625
97.275390625 41.201171875 770869.140625 0.9267578125 0.5302734375 78.61328125
36.630859375 41.201171875 770869.140625 0.9267578125 0.5302734375 78.61328125
97.275390625 23.447265625 770869.140625 0.9267578125 0.5302734375 78.61328125
97.275390625 41.201171875 258466.796875 0.9267578125 0.5302734375 78.61328125
97.275390625 41.201171875 770869.140625 0.8193359375 0.5302734375 78.61328125
97.275390625 41.201171875 770869.140625 0.9267578125 0.8349609375 78.61328125
97.275390625 41.201171875 770869.140625 0.9267578125 0.5302734375 252.44140625
97.275390625 23.447265625 258466.796875 0.8193359375 0.8349609375 252.44140625
36.630859375 41.201171875 258466.796875 0.8193359375 0.8349609375 252.44140625
36.630859375 23.447265625 770869.140625 0.8193359375 0.8349609375 252.44140625
36.630859375 23.447265625 258466.796875 0.9267578125 0.8349609375 252.44140625
36.630859375 23.447265625 258466.796875 0.8193359375 0.5302734375 252.44140625
36.630859375 23.447265625 258466.796875 0.8193359375 0.8349609375 78.61328125
36.630859375 23.447265625 258466.796875 0.8193359375 0.8349609375 252.44140625
52.275390625 86.201171875 275869.140625 0.4267578125 0.0302734375 328.61328125
81.630859375 86.201171875 275869.140625 0.4267578125 0.0302734375 328.61328125
52.275390625 68.447265625 275869.140625 0.4267578125 0.0302734375 328.61328125
52.275390625 86.201171875 753466.796875 0.4267578125 0.0302734375 328.61328125
52.275390625 86.201171875 275869.140625 0.3193359375 0.0302734375 328.61328125
52.275390625 86.201171875 275869.140625 0.4267578125 0.3349609375 328.61328125
52.275390625 86.201171875 275869.140625 0.4267578125 0.0302734375 2.44140625
52.275390625 68.447265625 753466.796875 0.3193359375 0.3349609375 2.44140625
81.630859375 86.201171875 753466.796875 0.3193359375 0.3349609375 2.44140625
81.630859375 68.447265625 275869.140625 0.3193359375 0.3349609375 2.44140625
81.630859375 68.447265625 753466.796875 0.4267578125 0.3349609375 2.44140625
81.630859375 68.447265625 753466.796875 0.3193359375 0.0302734375 2.44140625
81.630859375 68.447265625 753466.796875 0.3193359375 0.3349609375 328.61328125
81.630859375 68.447265625 753466.796875 0.3193359375 0.3349609375 2.44140625
41.025390625 52.451171875 152119.140625 0.3017578125 0.1552734375 391.11328125
47.880859375 52.451171875 152119.140625 0.3017578125 0.1552734375 391.11328125
41.025390625 12.197265625 152119.140625 0.3017578125 0.1552734375 391.11328125
41.025390625 52.451171875 382216.796875 0.3017578125 0.1552734375 391.11328125
41.025390625 52.451171875 152119.140625 0.6943359375 0.1552734375 391.11328125
41.025390625 52.451171875 152119.140625 0.3017578125 0.9599609375 391.11328125
41.025390625 52.451171875 152119.140625 0.3017578125 0.1552734375 64.94140625
41.025390625 12.197265625 382216.796875 0.6943359375 0.9599609375 64.94140625
47.880859375 52.451171875 382216.796875 0.6943359375 0.9599609375 64.94140625
47.880859375 12.197265625 152119.140625 0.6943359375 0.9599609375 64.94140625
47.880859375 12.197265625 382216.796875 0.3017578125 0.9599609375 64.94140625
47.880859375 12.197265625 382216.796875 0.6943359375 0.1552734375 64.94140625
47.880859375 12.197265625 382216.796875 0.6943359375 0.9599609375 391.11328125
47.880859375 12.197265625 382216.796875 0.6943359375 0.9599609375 64.94140625
86.025390625 97.451171875 647119.140625 0.8017578125 0.6552734375 141.11328125
92.880859375 97.451171875 647119.140625 0.8017578125 0.6552734375 141.11328125
86.025390625 57.197265625 647119.140625 0.8017578125 0.6552734375 141.11328125
86.025390625 97.451171875 877216.796875 0.8017578125 0.6552734375 141.11328125
86.025390625 97.451171875 647119.140625 0.1943359375 0.6552734375 141.11328125
86.025390625 97.451171875 647119.140625 0.8017578125 0.4599609375 141.11328125
86.025390625 97.451171875 647119.140625 0.8017578125 0.6552734375 314.94140625
86.025390625 57.197265625 877216.796875 0.1943359375 0.4599609375 314.94140625
92.880859375 97.451171875 877216.796875 0.1943359375 0.4599609375 314.94140625
92.880859375 57.197265625 647119.140625 0.1943359375 0.4599609375 314.94140625
92.880859375 57.197265625 877216.796875 0.8017578125 0.4599609375 314.94140625
92.880859375 57.197265625 877216.796875 0.1943359375 0.6552734375 314.94140625
92.880859375 57.197265625 877216.796875 0.1943359375 0.4599609375 141.11328125
92.880859375 57.197265625 877216.796875 0.1943359375 0.4599609375 314.94140625
63.525390625 29.951171875 399619.140625 0.0517578125 0.9052734375 16.11328125
25.380859375 29.951171875 399619.140625 0.0517578125 0.9052734375 16.11328125
63.525390625 79.697265625 399619.140625 0.0517578125 0.9052734375 16.11328125
63.525390625 29.951171875 629716.796875 0.0517578125 0.9052734375 16.11328125
63.525390625 29.951171875 399619.140625 0.4443359375 0.9052734375 16.11328125
63.525390625 29.951171875 399619.140625 0.0517578125 0.2099609375 16.11328125
63.525390625 29.951171875 399619.140625 0.0517578125 0.9052734375 439.94140625
63.525390625 79.697265625 629716.796875 0.4443359375 0.2099609375 439.94140625
25.380859375 29.951171875 629716.796875 0.4443359375 0.2099609375 439.94140625
25.380859375 79.697265625 399619.140625 0.4443359375 0.2099609375 439.94140625
25.380859375 79.697265625 629716.796875 0.0517578125 0.2099609375 439.94140625
25.380859375 79.697265625 629716.796875 0.4443359375 0.9052734375 439.94140625
25.380859375 79.697265625 629716.796875 0.4443359375 0.2099609375 16.11328125
25.380859375 79.697265625 629716.796875 0.4443359375 0.2099609375 439.94140625
18.525390625 74.951171875 894619.140625 0.5517578125 0.4052734375 266.11328125
70.380859375 74.951171875 894619.140625 0.5517578125 0.4052734375 266.11328125
18.525390625 34.697265625 894619.140625 0.5517578125 0.4052734375 266.11328125
18.525390625 74.951171875 134716.796875 0.5517578125 0.4052734375 266.11328125
18.525390625 74.951171875 894619.140625 0.9443359375 0.4052734375 266.11328125
18.525390625 74.951171875 894619.140625 0.5517578125 0.7099609375 266.11328125
18.525390625 74.951171875 894619.140625 0.5517578125 0.4052734375 189.94140625
18.525390625 34.697265625 134716.796875 0.9443359375 0.7099609375 189.94140625
70.380859375 74.951171875 134716.796875 0.9443359375 0.7099609375 189.94140625
70.380859375 34.697265625 894619.140625 0.9443359375 0.7099609375 189.94140625
70.380859375 34.697265625 134716.796875 0.5517578125 0.7099609375 189.94140625
70.380859375 34.697265625 134716.796875 0.9443359375 0.4052734375 189.94140625
70.380859375 34.697265625 134716.796875 0.9443359375 0.7099609375 266.11328125
70.380859375 34.697265625 134716.796875 0.9443359375 0.7099609375 189.94140625
15.712890625 27.138671875 59306.640625 0.4580078125 0.6240234375 125.48828125
95.693359375 27.138671875 59306.640625 0.4580078125 0.6240234375 125.48828125
15.712890625 82.509765625 59306.640625 0.4580078125 0.6240234375 125.48828125
15.712890625 27.138671875 41904.296875 0.4580078125 0.6240234375 125.48828125
15.712890625 27.138671875 59306.640625 0.4130859375 0.6240234375 125.48828125
15.712890625 27.138671875 59306.640625 0.4580078125 0.7412109375 125.48828125
15.712890625 27.138671875 59306.640625 0.4580078125 0.6240234375 111.81640625
15.712890625 82.509765625 41904.296875 0.4130859375 0.7412109375 111.81640625
95.693359375 27.138671875 41904.296875 0.4130859375 0.7412109375 111.81640625
95.693359375 82.509765625 59306.640625 0.4130859375 0.7412109375 111.81640625
95.693359375 82.509765625 41904.296875 0.4580078125 0.7412109375 111.81640625
95.693359375 82.509765625 41904.296875 0.4130859375 0.6240234375 111.81640625
95.693359375 82.509765625 41904.296875 0.4130859375 0.7412109375 125.48828125
95.693359375 82.509765625 41904.296875 0.4130859375 0.7412109375 111.81640625
60.712890625 72.138671875 554306.640625 0.9580078125 0.1240234375 375.48828125
50.693359375 72.138671875 554306.640625 0.9580078125 0.1240234375 375.48828125
60.712890625 37.509765625 554306.640625 0.9580078125 0.1240234375 375.48828125
60.712890625 72.138671875 536904.296875 0.9580078125 0.1240234375 375.48828125
60.712890625 72.138671875 554306.640625 0.9130859375 0.1240234375 375.48828125
60.712890625 72.138671875 554306.640625 0.9580078125 0.2412109375 375.48828125
60.712890625 72.138671875 554306.640625 0.9580078125 0.1240234375 361.81640625
60.712890625 37.509765625 536904.296875 0.9130859375 0.2412109375 361.81640625
50.693359375 72.138671875 536904.296875 0.9130859375 0.2412109375 361.81640625
50.693359375 37.509765625 554306.640625 0.9130859375 0.2412109375 361.81640625
50.693359375 37.509765625 536904.296875 0.9580078125 0.2412109375 361.81640625
50.693359375 37.509765625 536904.296875 0.9130859375 0.1240234375 361.81640625
50.693359375 37.509765625 536904.296875 0.9130859375 0.2412109375 375.48828125
50.693359375 37.509765625 536904.296875 0.9130859375 0.2412109375 361.81640625
83.212890625 49.638671875 306806.640625 0.2080078125 0.3740234375 250.48828125
73.193359375 49.638671875 306806.640625 0.2080078125 0.3740234375 250.48828125
83.212890625 15.009765625 306806.640625 0.2080078125 0.3740234375 250.48828125
83.212890625 49.638671875 784404.296875 0.2080078125 0.3740234375 250.48828125
83.212890625 49.638671875 306806.640625 0.6630859375 0.3740234375 250.48828125
83.212890625 49.638671875 306806.640625 0.2080078125 0.4912109375 250.48828125
83.212890625 49.638671875 306806.640625 0.2080078125 0.3740234375 486.81640625
83.212890625 15.009765625 784404.296875 0.6630859375 0.4912109375 486.81640625
73.193359375 49.638671875 784404.296875 0.6630859375 0.4912109375 486.81640625
73.193359375 15.009765625 306806.640625 0.6630859375 0.4912109375 486.81640625
73.193359375 15.009765625 784404.296875 0.2080078125 0.4912109375 486.81640625
73.193359375 15.009765625 784404.296875 0.6630859375 0.3740234375 486.81640625
73.193359375 15.009765625 784404.296875 0.6630859375 0.4912109375 250.48828125
73.193359375 15.009765625 784404.296875 0.6630859375 0.4912109375 486.81640625
38.212890625 94.638671875 801806.640625 0.7080078125 0.8740234375 0.48828125
28.193359375 94.638671875 801806.640625 0.7080078125 0.8740234375 0.48828125
38.212890625 60.009765625 801806.640625 0.7080078125 0.8740234375 0.48828125
38.212890625 94.638671875 289404.296875 0.7080078125 0.8740234375 0.48828125
38.212890625 94.638671875 801806.640625 0.1630859375 0.8740234375 0.48828125
38.212890625 94.638671875 801806.640625 0.7080078125 0.9912109375 0.48828125
38.212890625 94.638671875 801806.640625 0.7080078125 0.8740234375 236.81640625
38.212890625 60.009765625 289404.296875 0.1630859375 0.9912109375 236.81640625
28.193359375 94.638671875 289404.296875 0.1630859375 0.9912109375 236.81640625
28.193359375 60.009765625 801806.640625 0.1630859375 0.9912109375 236.81640625
28.193359375 60.009765625 289404.296875 0.7080078125 0.9912109375 236.81640625
28.193359375 60.009765625 289404.296875 0.1630859375 0.8740234375 236.81640625
28.193359375 60.009765625 289404.296875 0.1630859375 0.9912109375 0.48828125
28.193359375 60.009765625 289404.296875 0.1630859375 0.9912109375 236.81640625
49.462890625 38.388671875 678056.640625 0.5830078125 0.9990234375 187.98828125
61.943359375 38.388671875 678056.640625 0.5830078125 0.9990234375 187.98828125
49.462890625 26.259765625 678056.640625 0.5830078125 0.9990234375 187.98828125
49.462890625 38.388671875 908154.296875 0.5830078125 0.9990234375 187.98828125
49.462890625 38.388671875 678056.640625 0.7880859375 0.9990234375 187.98828125
49.462890625 38.388671875 678056.640625 0.5830078125 0.3662109375 187.98828125
49.462890625 38.388671875 678056.640625 0.5830078125 0.9990234375 174.31640625
49.462890625 26.259765625 908154.296875 0.7880859375 0.3662109375 174.31640625
61.943359375 38.388671875 908154.296875 0.7880859375 0.3662109375 174.31640625
61.943359375 26.259765625 678056.640625 0.7880859375 0.3662109375 174.31640625
61.943359375 26.259765625 908154.296875 0.5830078125 0.3662109375 174.31640625
61.943359375 26.259765625 908154.296875 0.7880859375 0.9990234375 174.31640625
61.943359375 26.259765625 908154.296875 0.7880859375 0.3662109375 187.98828125
61.943359375 26.259765625 908154.296875 0.7880859375 0.3662109375 174.31640625
94.462890625 83.388671875 183056.640625 0.0830078125 0.4990234375 437.98828125
16.943359375 83.388671875 183056.640625 0.0830078125 0.4990234375 437.98828125
94.462890625 71.259765625 183056.640625 0.0830078125 0.4990234375 437.98828125
94.462890625 83.388671875 413154.296875 0.0830078125 0.4990234375 437.98828125
94.462890625 83.388671875 183056.640625 0.2880859375 0.4990234375 437.98828125
94.462890625 83.388671875 183056.640625 0.0830078125 0.8662109375 437.98828125
94.462890625 83.388671875 183056.640625 0.0830078125 0.4990234375 424.31640625
94.462890625 71.259765625 413154.296875 0.2880859375 0.8662109375 424.31640625
16.943359375 83.388671875 413154.296875 0.2880859375 0.8662109375 424.31640625
16.943359375 71.259765625 183056.640625 0.2880859375 0.8662109375 424.31640625
16.943359375 71.259765625 413154.296875 0.0830078125 0.8662109375 424.31640625
16.943359375 71.259765625 413154.296875 0.2880859375 0.4990234375 424.31640625
16.943359375 71.259765625 413154.296875 0.2880859375 0.8662109375 437.98828125
16.943359375 71.259765625 413154.296875 0.2880859375 0.8662109375 424.31640625
71.962890625 15.888671875 925556.640625 0.8330078125 0.2490234375 312.98828125
84.443359375 15.888671875 925556.640625 0.8330078125 0.2490234375 312.98828125
71.962890625 93.759765625 925556.640625 0.8330078125 0.2490234375 312.98828125
71.962890625 15.888671875 165654.296875 0.8330078125 0.2490234375 312.98828125
71.962890625 15.888671875 925556.640625 0.0380859375 0.2490234375 312.98828125
71.962890625 15.888671875 925556.640625 0.8330078125 0.6162109375 312.98828125
71.962890625 15.888671875 925556.640625 0.8330078125 0.2490234375 299.31640625
71.962890625 93.759765625 165654.296875 0.0380859375 0.6162109375 299.31640625
84.443359375 15.888671875 165654.296875 0.0380859375 0.6162109375 299.31640625
84.443359375 93.759765625 925556.640625 0.0380859375 0.6162109375 299.31640625
84.443359375 93.759765625 165654.296875 0.8330078125 0.6162109375 299.31640625
84.443359375 93.759765625 165654.296875 0.0380859375 0.2490234375 299.31640625
84.443359375 93.759765625 165654.296875 0.0380859375 0.6162109375 312.98828125
84.443359375 93.759765625 165654.296875 0.0380859375 0.6162109375 299.31640625
26.962890625 60.888671875 430556.640625 0.3330078125 0.7490234375 62.98828125
39.443359375 60.888671875 430556.640625 0.3330078125 0.7490234375 62.98828125
26.962890625 48.759765625 430556.640625 0.3330078125 0.7490234375 62.98828125
26.962890625 60.888671875 660654.296875 0.3330078125 0.7490234375 62.98828125
26.962890625 60.888671875 430556.640625 0.5380859375 0.7490234375 62.98828125
26.962890625 60.888671875 430556.640625 0.3330078125 0.1162109375 62.98828125
26.962890625 60.888671875 430556.640625 0.3330078125 0.7490234375 49.31640625
26.962890625 48.759765625 660654.296875 0.5380859375 0.1162109375 49.31640625
39.443359375 60.888671875 660654.296875 0.5380859375 0.1162109375 49.31640625
39.443359375 48.759765625 430556.640625 0.5380859375 0.1162109375 49.31640625
39.443359375 48.759765625 660654.296875 0.3330078125 0.1162109375 49.31640625
39.443359375 48.759765625 660654.296875 0.5380859375 0.7490234375 49.31640625
39.443359375 48.759765625 660654.296875 0.5380859375 0.1162109375 62.98828125
39.443359375 48.759765625 660654.296875 0.5380859375 0.1162109375 49.31640625
21.337890625 44.013671875 987431.640625 0.0205078125 0.0615234375 31.73828125
56.318359375 44.013671875 987431.640625 0.0205078125 0.0615234375 31.73828125
21.337890625 31.884765625 987431.640625 0.0205078125 0.0615234375 31.73828125
21.337890625 44.013671875 970029.296875 0.0205078125 0.0615234375 31.73828125
21.337890625 44.013671875 987431.640625 0.2255859375 0.0615234375 31.73828125
21.337890625 44.013671875 987431.640625 0.0205078125 0.0537109375 31.73828125
21.337890625 44.013671875 987431.640625 0.0205078125 0.0615234375 80.56640625
21.337890625 31.884765625 970029.296875 0.2255859375 0.0537109375 80.56640625
56.318359375 44.013671875 970029.296875 0.2255859375 0.0537109375 80.56640625
56.318359375 31.884765625 987431.640625 0.2255859375 0.0537109375 80.56640625
56.318359375 31.884765625 970029.296875 0.0205078125 0.0537109375 80.56640625
56.318359375 31.884765625 970029.296875 0.2255859375 0.0615234375 80.56640625
56.318359375 31.884765625 970029.296875 0.2255859375 0.0537109375 31.73828125
56.318359375 31.884765625 970029.296875 0.2255859375 0.0537109375 80.56640625
66.337890625 89.013671875 492431.640625 0.5205078125 0.5615234375 281.73828125
11.318359375 89.013671875 492431.640625 0.5205078125 0.5615234375 281.73828125
66.337890625 76.884765625 492431.640625 0.5205078125 0.5615234375 281.73828125
66.337890625 89.013671875 475029.296875 0.5205078125 0.5615234375 281.73828125
66.337890625 89.013671875 492431.640625 0.7255859375 0.5615234375 281.73828125
66.337890625 89.013671875 492431.640625 0.5205078125 0.5537109375 281.73828125
66.337890625 89.013671875 492431.640625 0.5205078125 0.5615234375 330.56640625
66.337890625 76.884765625 475029.296875 0.7255859375 0.5537109375 330.56640625
11.318359375 89.013671875 475029.296875 0.7255859375 0.5537109375 330.56640625
11.318359375 76.884765625 492431.640625 0.7255859375 0.5537109375 330.56640625
11.318359375 76.884765625 475029.296875 0.5205078125 0.5537109375 330.56640625
11.318359375 76.884765625 475029.296875 0.7255859375 0.5615234375 330.56640625
11.318359375 76.884765625 475029.296875 0.7255859375 0.5537109375 281.73828125
11.318359375 76.884765625 475029.296875 0.7255859375 0.5537109375 330.56640625
88.837890625 21.513671875 739931.640625 0.2705078125 0.8115234375 406.73828125
78.818359375 21.513671875 739931.640625 0.2705078125 0.8115234375 406.73828125
88.837890625 99.384765625 739931.640625 0.2705078125 0.8115234375 406.73828125
88.837890625 21.513671875 227529.296875 0.2705078125 0.8115234375 406.73828125
88.837890625 21.513671875 739931.640625 0.9755859375 0.8115234375 406.73828125
88.837890625 21.513671875 739931.640625 0.2705078125 0.8037109375 406.73828125
88.837890625 21.513671875 739931.640625 0.2705078125 0.8115234375 455.56640625
88.837890625 99.384765625 227529.296875 0.9755859375 0.8037109375 455.56640625
78.818359375 21.513671875 227529.296875 0.9755859375 0.8037109375 455.56640625
78.818359375 99.384765625 739931.640625 0.9755859375 0.8037109375 455.56640625
78.818359375 99.384765625 227529.296875 0.2705078125 0.8037109375 455.56640625
78.818359375 99.384765625 227529.296875 0.9755859375 0.8115234375 455.56640625
78.818359375 99.384765625 227529.296875 0.9755859375 0.8037109375 406.73828125
78.818359375 99.384765625 227529.296875 0.9755859375 0.8037109375 455.56640625
43.837890625 66.513671875 244931.640625 0.7705078125 0.3115234375 156.73828125
33.818359375 66.513671875 244931.640625 0.7705078125 0.3115234375 156.73828125
43.837890625 54.384765625 244931.640625 0.7705078125 0.3115234375 156.73828125
43.837890625 66.513671875 722529.296875 0.7705078125 0.3115234375 156.73828125
43.837890625 66.513671875 244931.640625 0.4755859375 0.3115234375 156.73828125
43.837890625 66.513671875 244931.640625 0.7705078125 0.3037109375 156.73828125
43.837890625 66.513671875 244931.640625 0.7705078125 0.3115234375 205.56640625
43.837890625 54.384765625 722529.296875 0.4755859375 0.3037109375 205.56640625
33.818359375 66.513671875 722529.296875 0.4755859375 0.3037109375 205.56640625
33.818359375 54.384765625 244931.640625 0.4755859375 0.3037109375 205.56640625
33.818359375 54.384765625 722529.296875 0.7705078125 0.3037109375 205.56640625
33.818359375 54.384765625 722529.296875 0.4755859375 0.3115234375 205.56640625
33.818359375 54.384765625 722529.296875 0.4755859375 0.3037109375 156.73828125
33.818359375 54.384765625 722529.296875 0.4755859375 0.3037109375 205.56640625
32.587890625 10.263671875 368681.640625 0.8955078125 0.4365234375 94.23828125
90.068359375 10.263671875 368681.640625 0.8955078125 0.4365234375 94.23828125
32.587890625 88.134765625 368681.640625 0.8955078125 0.4365234375 94.23828125
32.587890625 10.263671875 103779.296875 0.8955078125 0.4365234375 94.23828125
32.587890625 10.263671875 368681.640625 0.6005859375 0.4365234375 94.23828125
32.587890625 10.263671875 368681.640625 0.8955078125 0.9287109375 94.23828125
32.587890625 10.263671875 368681.640625 0.8955078125 0.4365234375 143.06640625
32.587890625 88.134765625 103779.296875 0.6005859375 0.9287109375 143.06640625
90.068359375 10.263671875 103779.296875 0.6005859375 0.9287109375 143.06640625
90.068359375 88.134765625 368681.640625 0.6005859375 0.9287109375 143.06640625
90.068359375 88.134765625 103779.296875 0.8955078125 0.9287109375 143.06640625
90.068359375 88.134765625 103779.296875 0.6005859375 0.4365234375 143.06640625
90.068359375 88.134765625 103779.296875 0.6005859375 0.9287109375 94.23828125
90.068359375 88.134765625 103779.296875 0.6005859375 0.9287109375 143.06640625
77.587890625 55.263671875 863681.640625 0.3955078125 0.9365234375 344.23828125
45.068359375 55.263671875 863681.640625 0.3955078125 0.9365234375 344.23828125
77.587890625 43.134765625 863681.640625 0.3955078125 0.9365234375 344.23828125
77.587890625 55.263671875 598779.296875 0.3955078125 0.9365234375 344.23828125
77.587890625 55.263671875 863681.640625 0.1005859375 0.9365234375 344.23828125
77.587890625 55.263671875 863681.640625 0.3955078125 0.4287109375 344.23828125
77.587890625 55.263671875 863681.640625 0.3955078125 0.9365234375 393.06640625
77.587890625 43.134765625 598779.296875 0.1005859375 0.4287109375 393.06640625
45.068359375 55.263671875 598779.296875 0.1005859375 0.4287109375 393.06640625
45.068359375 43.134765625 863681.640625 0.1005859375 0.4287109375 393.06640625
45.068359375 43.134765625 598779.296875 0.3955078125 0.4287109375 393.06640625
45.068359375 43.134765625 598779.296875 0.1005859375 0.9365234375 393.06640625
45.068359375 43.134765625 598779.296875 0.1005859375 0.4287109375 344.23828125
45.068359375 43.134765625 598779.296875 0.1005859375 0.4287109375 393.06640625
55.087890625 32.763671875 121181.640625 0.6455078125 0.6865234375 469.23828125
67.568359375 32.763671875 121181.640625 0.6455078125 0.6865234375 469.23828125
55.087890625 20.634765625 121181.640625 0.6455078125 0.6865234375 469.23828125
55.087890625 32.763671875 846279.296875 0.6455078125 0.6865234375 469.23828125
55.087890625 32.763671875 121181.640625 0.3505859375 0.6865234375 469.23828125
55.087890625 32.763671875 121181.640625 0.6455078125 0.1787109375 469.23828125
55.087890625 32.763671875 121181.640625 0.6455078125 0.6865234375 268.06640625
55.087890625 20.634765625 846279.296875 0.3505859375 0.1787109375 268.06640625
67.568359375 32.763671875 846279.296875 0.3505859375 0.1787109375 268.06640625
67.568359375 20.634765625 121181.640625 0.3505859375 0.1787109375 268.06640625
67.568359375 20.634765625 846279.296875 0.6455078125 0.1787109375 268.06640625
67.568359375 20.634765625 846279.296875 0.3505859375 0.6865234375 268.06640625
67.568359375 20.634765625 846279.296875 0.3505859375 0.1787109375 469.23828125
67.568359375 20.634765625 846279.296875 0.3505859375 0.1787109375 268.06640625
10.087890625 77.763671875 616181.640625 0.1455078125 0.1865234375 219.23828125
22.568359375 77.763671875 616181.640625 0.1455078125 0.1865234375 219.23828125
10.087890625 65.634765625 616181.640625 0.1455078125 0.1865234375 219.23828125
10.087890625 77.763671875 351279.296875 0.1455078125 0.1865234375 219.23828125
10.087890625 77.763671875 616181.640625 0.8505859375 0.1865234375 219.23828125
10.087890625 77.763671875 616181.640625 0.1455078125 0.6787109375 219.23828125
10.087890625 77.763671875 616181.640625 0.1455078125 0.1865234375 18.06640625
10.087890625 65.634765625 351279.296875 0.8505859375 0.6787109375 18.06640625
22.568359375 77.763671875 351279.296875 0.8505859375 0.6787109375 18.06640625
22.568359375 65.634765625 616181.640625 0.8505859375 0.6787109375 18.06640625
22.568359375 65.634765625 351279.296875 0.1455078125 0.6787109375 18.06640625
22.568359375 65.634765625 351279.296875 0.8505859375 0.1865234375 18.06640625
22.568359375 65.634765625 351279.296875 0.8505859375 0.6787109375 219.23828125
22.568359375 65.634765625 351279.296875 0.8505859375 0.6787109375 18.06640625
10.1318359375 43.8818359375 453276.3671875 0.48681640625 0.55712890625 422.119140625
31.7529296875 43.8818359375 453276.3671875 0.48681640625 0.55712890625 422.119140625
10.1318359375 62.8662109375 453276.3671875 0.48681640625 0.55712890625 422.119140625
10.1318359375 43.8818359375 699809.5703125 0.48681640625 0.55712890625 422.119140625
10.1318359375 43.8818359375 453276.3671875 0.67138671875 0.55712890625 422.119140625
10.1318359375 43.8818359375 453276.3671875 0.48681640625 0.82177734375 422.119140625
10.1318359375 43.8818359375 453276.3671875 0.48681640625 0.55712890625 460.693359375
10.1318359375 62.8662109375 699809.5703125 0.67138671875 0.82177734375 460.693359375
31.7529296875 43.8818359375 699809.5703125 0.67138671875 0.82177734375 460.693359375
31.7529296875 62.8662109375 453276.3671875 0.67138671875 0.82177734375 460.693359375
31.7529296875 62.8662109375 699809.5703125 0.48681640625 0.82177734375 460.693359375
31.7529296875 62.8662109375 699809.5703125 0.67138671875 0.55712890625 460.693359375
31.7529296875 62.8662109375 699809.5703125 0.67138671875 0.82177734375 422.119140625
31.7529296875 62.8662109375 699809.5703125 0.67138671875 0.82177734375 460.693359375
55.1318359375 88.8818359375 948276.3671875 0.98681640625 0.05712890625 172.119140625
76.7529296875 88.8818359375 948276.3671875 0.98681640625 0.05712890625 172.119140625
55.1318359375 17.8662109375 948276.3671875 0.98681640625 0.05712890625 172.119140625
55.1318359375 88.8818359375 204809.5703125 0.98681640625 0.05712890625 172.119140625
55.1318359375 88.8818359375 948276.3671875 0.17138671875 0.05712890625 172.119140625
55.1318359375 88.8818359375 948276.3671875 0.98681640625 0.32177734375 172.119140625
55.1318359375 88.8818359375 948276.3671875 0.98681640625 0.05712890625 210.693359375
55.1318359375 17.8662109375 204809.5703125 0.17138671875 0.32177734375 210.693359375
76.7529296875 88.8818359375 204809.5703125 0.17138671875 0.32177734375 210.693359375
76.7529296875 17.8662109375 948276.3671875 0.17138671875 0.32177734375 210.693359375
76.7529296875 17.8662109375 204809.5703125 0.98681640625 0.32177734375 210.693359375
76.7529296875 17.8662109375 204809.5703125 0.17138671875 0.05712890625 210.693359375
76.7529296875 17.8662109375 204809.5703125 0.17138671875 0.32177734375 172.119140625
76.7529296875 17.8662109375 204809.5703125 0.17138671875 0.32177734375 210.693359375
77.6318359375 21.3818359375 205776.3671875 0.23681640625 0.30712890625 47.119140625
54.2529296875 21.3818359375 205776.3671875 0.23681640625 0.30712890625 47.119140625
77.6318359375 40.3662109375 205776.3671875 0.23681640625 0.30712890625 47.119140625
77.6318359375 21.3818359375 452309.5703125 0.23681640625 0.30712890625 47.119140625
77.6318359375 21.3818359375 205776.3671875 0.42138671875 0.30712890625 47.119140625
77.6318359375 21.3818359375 205776.3671875 0.23681640625 0.07177734375 47.119140625
77.6318359375 21.3818359375 205776.3671875 0.23681640625 0.30712890625 85.693359375
77.6318359375 40.3662109375 452309.5703125 0.42138671875 0.07177734375 85.693359375
54.2529296875 21.3818359375 452309.5703125 0.42138671875 0.07177734375 85.693359375
54.2529296875 40.3662109375 205776.3671875 0.42138671875 0.07177734375 85.693359375
54.2529296875 40.3662109375 452309.5703125 0.23681640625 0.07177734375 85.693359375
54.2529296875 40.3662109375 452309.5703125 0.42138671875 0.30712890625 85.693359375
54.2529296875 40.3662109375 452309.5703125 0.42138671875 0.07177734375 47.119140625
54.2529296875 40.3662109375 452309.5703125 0.42138671875 0.07177734375 85.693359375
32.6318359375 66.3818359375 700776.3671875 0.73681640625 0.80712890625 297.119140625
99.2529296875 66.3818359375 700776.3671875 0.73681640625 0.80712890625 297.119140625
32.6318359375 85.3662109375 700776.3671875 0.73681640625 0.80712890625 297.119140625
32.6318359375 66.3818359375 947309.5703125 0.73681640625 0.80712890625 297.119140625
32.6318359375 66.3818359375 700776.3671875 0.92138671875 0.80712890625 297.119140625
32.6318359375 66.3818359375 700776.3671875 0.73681640625 0.57177734375 297.119140625
32.6318359375 66.3818359375 700776.3671875 0.73681640625 0.80712890625 335.693359375
32.6318359375 85.3662109375 947309.5703125 0.92138671875 0.57177734375 335.693359375
99.2529296875 66.3818359375 947309.5703125 0.92138671875 0.57177734375 335.693359375
99.2529296875 85.3662109375 700776.3671875 0.92138671875 0.57177734375 335.693359375
99.2529296875 85.3662109375 947309.5703125 0.73681640625 0.57177734375 335.693359375
99.2529296875 85.3662109375 947309.5703125 0.92138671875 0.80712890625 335.693359375
99.2529296875 85.3662109375 947309.5703125 0.92138671875 0.57177734375 297.119140625
99.2529296875 85.3662109375 947309.5703125 0.92138671875 0.57177734375 335.693359375
43.8818359375 10.1318359375 824526.3671875 0.61181640625 0.93212890625 484.619140625
43.0029296875 10.1318359375 824526.3671875 0.61181640625 0.93212890625 484.619140625
43.8818359375 51.6162109375 824526.3671875 0.61181640625 0.93212890625 484.619140625
43.8818359375 10.1318359375 328559.5703125 0.61181640625 0.93212890625 484.619140625
43.8818359375 10.1318359375 824526.3671875 0.04638671875 0.93212890625 484.619140625
43.8818359375 10.1318359375 824526.3671875 0.61181640625 0.19677734375 484.619140625
43.8818359375 10.1318359375 824526.3671875 0.61181640625 0.93212890625 273.193359375
43.8818359375 51.6162109375 328559.5703125 0.04638671875 0.19677734375 273.193359375
43.0029296875 10.1318359375 328559.5703125 0.04638671875 0.19677734375 273.193359375
43.0029296875 51.6162109375 824526.3671875 0.04638671875 0.19677734375 273.193359375
43.0029296875 51.6162109375 328559.5703125 0.61181640625 0.19677734375 273.193359375
43.0029296875 51.6162109375 328559.5703125 0.04638671875 0.93212890625 273.193359375
43.0029296875 51.6162109375 328559.5703125 0.04638671875 0.19677734375 484.619140625
43.0029296875 51.6162109375 328559.5703125 0.04638671875 0.19677734375 273.193359375
88.8818359375 55.1318359375 329526.3671875 0.11181640625 0.43212890625 234.619140625
88.0029296875 55.1318359375 329526.3671875 0.11181640625 0.43212890625 234.619140625
88.8818359375 96.6162109375 329526.3671875 0.11181640625 0.43212890625 234.619140625
88.8818359375 55.1318359375 823559.5703125 0.11181640625 0.43212890625 234.619140625
88.8818359375 55.1318359375 329526.3671875 0.54638671875 0.43212890625 234.619140625
88.8818359375 55.1318359375 329526.3671875 0.11181640625 0.69677734375 234.619140625
88.8818359375 55.1318359375 329526.3671875 0.11181640625 0.43212890625 23.193359375
88.8818359375 96.6162109375 823559.5703125 0.54638671875 0.69677734375 23.193359375
88.0029296875 55.1318359375 823559.5703125 0.54638671875 0.69677734375 23.193359375
88.0029296875 96.6162109375 329526.3671875 0.54638671875 0.69677734375 23.193359375
88.0029296875 96.6162109375 823559.5703125 0.11181640625 0.69677734375 23.193359375
88.0029296875 96.6162109375 823559.5703125 0.54638671875 0.43212890625 23.193359375
88.0029296875 96.6162109375 823559.5703125 0.54638671875 0.69677734375 234.619140625
88.0029296875 96.6162109375 823559.5703125 0.54638671875 0.69677734375 23.193359375
66.3818359375 32.6318359375 577026.3671875 0.86181640625 0.18212890625 109.619140625
20.5029296875 32.6318359375 577026.3671875 0.86181640625 0.18212890625 109.619140625
66.3818359375 74.1162109375 577026.3671875 0.86181640625 0.18212890625 109.619140625
66.3818359375 32.6318359375 576059.5703125 0.86181640625 0.18212890625 109.619140625
66.3818359375 32.6318359375 577026.3671875 0.79638671875 0.18212890625 109.619140625
66.3818359375 32.6318359375 577026.3671875 0.86181640625 0.94677734375 109.619140625
66.3818359375 32.6318359375 577026.3671875 0.86181640625 0.18212890625 148.193359375
66.3818359375 74.1162109375 576059.5703125 0.79638671875 0.94677734375 148.193359375
20.5029296875 32.6318359375 576059.5703125 0.79638671875 0.94677734375 148.193359375
20.5029296875 74.1162109375 577026.3671875 0.79638671875 0.94677734375 148.193359375
20.5029296875 74.1162109375 576059.5703125 0.86181640625 0.94677734375 148.193359375
20.5029296875 74.1162109375 576059.5703125 0.79638671875 0.18212890625 148.193359375
20.5029296875 74.1162109375 576059.5703125 0.79638671875 0.94677734375 109.619140625
20.5029296875 74.1162109375 576059.5703125 0.79638671875 0.94677734375 148.193359375
21.3818359375 77.6318359375 82026.3671875 0.36181640625 0.68212890625 359.619140625
65.5029296875 77.6318359375 82026.3671875 0.36181640625 0.68212890625 359.619140625
21.3818359375 29.1162109375 82026.3671875 0.36181640625 0.68212890625 359.619140625
21.3818359375 77.6318359375 81059.5703125 0.36181640625 0.68212890625 359.619140625
21.3818359375 77.6318359375 82026.3671875 0.29638671875 0.68212890625 359.619140625
21.3818359375 77.6318359375 82026.3671875 0.36181640625 0.44677734375 359.619140625
21.3818359375 77.6318359375 82026.3671875 0.36181640625 0.68212890625 398.193359375
21.3818359375 29.1162109375 81059.5703125 0.29638671875 0.44677734375 398.193359375
65.5029296875 77.6318359375 81059.5703125 0.29638671875 0.44677734375 398.193359375
65.5029296875 29.1162109375 82026.3671875 0.29638671875 0.44677734375 398.193359375
65.5029296875 29.1162109375 81059.5703125 0.36181640625 0.44677734375 398.193359375
65.5029296875 29.1162109375 81059.5703125 0.29638671875 0.68212890625 398.193359375
65.5029296875 29.1162109375 81059.5703125 0.29638671875 0.44677734375 359.619140625
65.5029296875 29.1162109375 81059.5703125 0.29638671875 0.44677734375 398.193359375
27.0068359375 27.0068359375 515151.3671875 0.04931640625 0.11962890625 265.869140625
37.3779296875 27.0068359375 515151.3671875 0.04931640625 0.11962890625 265.869140625
27.0068359375 45.9912109375 515151.3671875 0.04931640625 0.11962890625 265.869140625
27.0068359375 27.0068359375 266684.5703125 0.04931640625 0.11962890625 265.869140625
27.0068359375 27.0068359375 515151.3671875 0.98388671875 0.11962890625 265.869140625
27.0068359375 27.0068359375 515151.3671875 0.04931640625 0.38427734375 265.869140625
27.0068359375 27.0068359375 515151.3671875 0.04931640625 0.11962890625 491.943359375
27.0068359375 45.9912109375 266684.5703125 0.98388671875 0.38427734375 491.943359375
37.3779296875 27.0068359375 266684.5703125 0.98388671875 0.38427734375 491.943359375
37.3779296875 45.9912109375 515151.3671875 0.98388671875 0.38427734375 491.943359375
37.3779296875 45.9912109375 266684.5703125 0.04931640625 0.38427734375 491.943359375
37.3779296875 45.9912109375 266684.5703125 0.98388671875 0.11962890625 491.943359375
37.3779296875 45.9912109375 266684.5703125 0.98388671875 0.38427734375 265.869140625
37.3779296875 45.9912109375 266684.5703125 0.98388671875 0.38427734375 491.943359375
72.0068359375 72.0068359375 20151.3671875 0.54931640625 0.61962890625 15.869140625
82.3779296875 72.0068359375 20151.3671875 0.54931640625 0.61962890625 15.869140625
72.0068359375 90.9912109375 20151.3671875 0.54931640625 0.61962890625 15.869140625
72.0068359375 72.0068359375 761684.5703125 0.54931640625 0.61962890625 15.869140625
72.0068359375 72.0068359375 20151.3671875 0.48388671875 0.61962890625 15.869140625
72.0068359375 72.0068359375 20151.3671875 0.54931640625 0.88427734375 15.869140625
72.0068359375 72.0068359375 20151.3671875 0.54931640625 0.61962890625 241.943359375
72.0068359375 90.9912109375 761684.5703125 0.48388671875 0.88427734375 241.943359375
82.3779296875 72.0068359375 761684.5703125 0.48388671875 0.88427734375 241.943359375
82.3779296875 90.9912109375 20151.3671875 0.48388671875 0.88427734375 241.943359375
82.3779296875 90.9912109375 761684.5703125 0.54931640625 0.88427734375 241.943359375
82.3779296875 90.9912109375 761684.5703125 0.48388671875 0.61962890625 241.943359375
82.3779296875 90.9912109375 761684.5703125 0.48388671875 0.88427734375 15.869140625
82.3779296875 90.9912109375 761684.5703125 0.48388671875 0.88427734375 241.943359375
94.5068359375 49.5068359375 762651.3671875 0.29931640625 0.86962890625 140.869140625
14.8779296875 49.5068359375 762651.3671875 0.29931640625 0.86962890625 140.869140625
94.5068359375 68.4912109375 762651.3671875 0.29931640625 0.86962890625 140.869140625
94.5068359375 49.5068359375 514184.5703125 0.29931640625 0.86962890625 140.869140625
94.5068359375 49.5068359375 762651.3671875 0.23388671875 0.86962890625 140.869140625
94.5068359375 49.5068359375 762651.3671875 0.29931640625 0.63427734375 140.869140625
94.5068359375 49.5068359375 762651.3671875 0.29931640625 0.86962890625 116.943359375
94.5068359375 68.4912109375 514184.5703125 0.23388671875 0.63427734375 116.943359375
14.8779296875 49.5068359375 514184.5703125 0.23388671875 0.63427734375 116.943359375
14.8779296875 68.4912109375 762651.3671875 0.23388671875 0.63427734375 116.943359375
14.8779296875 68.4912109375 514184.5703125 0.29931640625 0.63427734375 116.943359375
14.8779296875 68.4912109375 514184.5703125 0.23388671875 0.86962890625 116.943359375
14.8779296875 68.4912109375 514184.5703125 0.23388671875 0.63427734375 140.869140625
14.8779296875 68.4912109375 514184.5703125 0.23388671875 0.63427734375 116.943359375
