29.775390625 105712.890625 0.5185546875 0.6767578125 0.2802734375
91.650390625 105712.890625 0.5185546875 0.6767578125 0.2802734375
29.775390625 55439.453125 0.5185546875 0.6767578125 0.2802734375
29.775390625 105712.890625 0.8994140625 0.6767578125 0.2802734375
29.775390625 105712.890625 0.5185546875 0.5009765625 0.2802734375
29.775390625 105712.890625 0.5185546875 0.6767578125 0.0693359375
29.775390625 55439.453125 0.8994140625 0.5009765625 0.0693359375
91.650390625 105712.890625 0.8994140625 0.5009765625 0.0693359375
91.650390625 55439.453125 0.5185546875 0.5009765625 0.0693359375
91.650390625 55439.453125 0.8994140625 0.6767578125 0.0693359375
91.650390625 55439.453125 0.8994140625 0.5009765625 0.2802734375
91.650390625 55439.453125 0.8994140625 0.5009765625 0.0693359375
74.775390625 600712.890625 0.0185546875 0.1767578125 0.7802734375
46.650390625 600712.890625 0.0185546875 0.1767578125 0.7802734375
74.775390625 550439.453125 0.0185546875 0.1767578125 0.7802734375
74.775390625 600712.890625 0.3994140625 0.1767578125 0.7802734375
74.775390625 600712.890625 0.0185546875 9.765625E-4 0.7802734375
74.775390625 600712.890625 0.0185546875 0.1767578125 0.5693359375
74.775390625 550439.453125 0.3994140625 9.765625E-4 0.5693359375
46.650390625 600712.890625 0.3994140625 9.765625E-4 0.5693359375
46.650390625 550439.453125 0.0185546875 9.765625E-4 0.5693359375
46.650390625 550439.453125 0.3994140625 0.1767578125 0.5693359375
46.650390625 550439.453125 0.3994140625 9.765625E-4 0.7802734375
46.650390625 550439.453125 0.3994140625 9.765625E-4 0.5693359375
97.275390625 353212.890625 0.7685546875 0.9267578125 0.5302734375
24.150390625 353212.890625 0.7685546875 0.9267578125 0.5302734375
97.275390625 302939.453125 0.7685546875 0.9267578125 0.5302734375
97.275390625 353212.890625 0.1494140625 0.9267578125 0.5302734375
97.275390625 353212.890625 0.7685546875 0.2509765625 0.5302734375
97.275390625 353212.890625 0.7685546875 0.9267578125 0.8193359375
97.275390625 302939.453125 0.1494140625 0.2509765625 0.8193359375
24.150390625 353212.890625 0.1494140625 0.2509765625 0.8193359375
24.150390625 302939.453125 0.7685546875 0.2509765625 0.8193359375
24.150390625 302939.453125 0.1494140625 0.9267578125 0.8193359375
24.150390625 302939.453125 0.1494140625 0.2509765625 0.5302734375
24.150390625 302939.453125 0.1494140625 0.2509765625 0.8193359375
52.275390625 848212.890625 0.2685546875 0.4267578125 0.0302734375
69.150390625 848212.890625 0.2685546875 0.4267578125 0.0302734375
52.275390625 797939.453125 0.2685546875 0.4267578125 0.0302734375
52.275390625 848212.890625 0.6494140625 0.4267578125 0.0302734375
52.275390625 848212.890625 0.2685546875 0.7509765625 0.0302734375
52.275390625 848212.890625 0.2685546875 0.4267578125 0.3193359375
52.275390625 797939.453125 0.6494140625 0.7509765625 0.3193359375
69.150390625 848212.890625 0.6494140625 0.7509765625 0.3193359375
69.150390625 797939.453125 0.2685546875 0.7509765625 0.3193359375
69.150390625 797939.453125 0.6494140625 0.4267578125 0.3193359375
69.150390625 797939.453125 0.6494140625 0.7509765625 0.0302734375
69.150390625 797939.453125 0.6494140625 0.7509765625 0.3193359375
41.025390625 476962.890625 0.1435546875 0.3017578125 0.1552734375
80.400390625 476962.890625 0.1435546875 0.3017578125 0.1552734375
41.025390625 426689.453125 0.1435546875 0.3017578125 0.1552734375
41.025390625 476962.890625 0.0244140625 0.3017578125 0.1552734375
41.025390625 476962.890625 0.1435546875 0.3759765625 0.1552734375
41.025390625 476962.890625 0.1435546875 0.3017578125 0.6943359375
41.025390625 426689.453125 0.0244140625 0.3759765625 0.6943359375
80.400390625 476962.890625 0.0244140625 0.3759765625 0.6943359375
80.400390625 426689.453125 0.1435546875 0.3759765625 0.6943359375
80.400390625 426689.453125 0.0244140625 0.3017578125 0.6943359375
80.400390625 426689.453125 0.0244140625 0.3759765625 0.1552734375
80.400390625 426689.453125 0.0244140625 0.3759765625 0.6943359375
86.025390625 971962.890625 0.6435546875 0.8017578125 0.6552734375
35.400390625 971962.890625 0.6435546875 0.8017578125 0.6552734375
86.025390625 921689.453125 0.6435546875 0.8017578125 0.6552734375
86.025390625 971962.890625 0.5244140625 0.8017578125 0.6552734375
86.025390625 971962.890625 0.6435546875 0.8759765625 0.6552734375
86.025390625 971962.890625 0.6435546875 0.8017578125 0.1943359375
86.025390625 921689.453125 0.5244140625 0.8759765625 0.1943359375
35.400390625 971962.890625 0.5244140625 0.8759765625 0.1943359375
35.400390625 921689.453125 0.6435546875 0.8759765625 0.1943359375
35.400390625 921689.453125 0.5244140625 0.8017578125 0.1943359375
35.400390625 921689.453125 0.5244140625 0.8759765625 0.6552734375
35.400390625 921689.453125 0.5244140625 0.8759765625 0.1943359375
63.525390625 229462.890625 0.3935546875 0.0517578125 0.9052734375
12.900390625 229462.890625 0.3935546875 0.0517578125 0.9052734375
63.525390625 179189.453125 0.3935546875 0.0517578125 0.9052734375
63.525390625 229462.890625 0.7744140625 0.0517578125 0.9052734375
63.525390625 229462.890625 0.3935546875 0.6259765625 0.9052734375
63.525390625 229462.890625 0.3935546875 0.0517578125 0.4443359375
63.525390625 179189.453125 0.7744140625 0.6259765625 0.4443359375
12.900390625 229462.890625 0.7744140625 0.6259765625 0.4443359375
12.900390625 179189.453125 0.3935546875 0.6259765625 0.4443359375
12.900390625 179189.453125 0.7744140625 0.0517578125 0.4443359375
12.900390625 179189.453125 0.7744140625 0.6259765625 0.9052734375
12.900390625 179189.453125 0.7744140625 0.6259765625 0.4443359375
18.525390625 724462.890625 0.8935546875 0.5517578125 0.4052734375
57.900390625 724462.890625 0.8935546875 0.5517578125 0.4052734375
18.525390625 674189.453125 0.8935546875 0.5517578125 0.4052734375
18.525390625 724462.890625 0.2744140625 0.5517578125 0.4052734375
18.525390625 724462.890625 0.8935546875 0.1259765625 0.4052734375
18.525390625 724462.890625 0.8935546875 0.5517578125 0.9443359375
18.525390625 674189.453125 0.2744140625 0.1259765625 0.9443359375
57.900390625 724462.890625 0.2744140625 0.1259765625 0.9443359375
57.900390625 674189.453125 0.8935546875 0.1259765625 0.9443359375
57.900390625 674189.453125 0.2744140625 0.5517578125 0.9443359375
57.900390625 674189.453125 0.2744140625 0.1259765625 0.4052734375
57.900390625 674189.453125 0.2744140625 0.1259765625 0.9443359375
15.712890625 198525.390625 0.0498046875 0.4580078125 0.6240234375
32.587890625 198525.390625 0.0498046875 0.4580078125 0.6240234375
15.712890625 952626.953125 0.0498046875 0.4580078125 0.6240234375
15.712890625 198525.390625 0.8056640625 0.4580078125 0.6240234375
15.712890625 198525.390625 0.0498046875 0.0322265625 0.6240234375
15.712890625 198525.390625 0.0498046875 0.4580078125 0.4130859375
15.712890625 952626.953125 0.8056640625 0.0322265625 0.4130859375
32.587890625 198525.390625 0.8056640625 0.0322265625 0.4130859375
32.587890625 952626.953125 0.0498046875 0.0322265625 0.4130859375
32.587890625 952626.953125 0.8056640625 0.4580078125 0.4130859375
32.587890625 952626.953125 0.8056640625 0.0322265625 0.6240234375
32.587890625 952626.953125 0.8056640625 0.0322265625 0.4130859375
60.712890625 693525.390625 0.5498046875 0.9580078125 0.1240234375
77.587890625 693525.390625 0.5498046875 0.9580078125 0.1240234375
60.712890625 457626.953125 0.5498046875 0.9580078125 0.1240234375
60.712890625 693525.390625 0.3056640625 0.9580078125 0.1240234375
60.712890625 693525.390625 0.5498046875 0.5322265625 0.1240234375
60.712890625 693525.390625 0.5498046875 0.9580078125 0.9130859375
60.712890625 457626.953125 0.3056640625 0.5322265625 0.9130859375
77.587890625 693525.390625 0.3056640625 0.5322265625 0.9130859375
77.587890625 457626.953125 0.5498046875 0.5322265625 0.9130859375
77.587890625 457626.953125 0.3056640625 0.9580078125 0.9130859375
77.587890625 457626.953125 0.3056640625 0.5322265625 0.1240234375
77.587890625 457626.953125 0.3056640625 0.5322265625 0.9130859375
83.212890625 446025.390625 0.2998046875 0.2080078125 0.3740234375
55.087890625 446025.390625 0.2998046875 0.2080078125 0.3740234375
83.212890625 705126.953125 0.2998046875 0.2080078125 0.3740234375
83.212890625 446025.390625 0.0556640625 0.2080078125 0.3740234375
83.212890625 446025.390625 0.2998046875 0.7822265625 0.3740234375
83.212890625 446025.390625 0.2998046875 0.2080078125 0.6630859375
83.212890625 705126.953125 0.0556640625 0.7822265625 0.6630859375
55.087890625 446025.390625 0.0556640625 0.7822265625 0.6630859375
55.087890625 705126.953125 0.2998046875 0.7822265625 0.6630859375
55.087890625 705126.953125 0.0556640625 0.2080078125 0.6630859375
55.087890625 705126.953125 0.0556640625 0.7822265625 0.3740234375
55.087890625 705126.953125 0.0556640625 0.7822265625 0.6630859375
38.212890625 941025.390625 0.7998046875 0.7080078125 0.8740234375
10.087890625 941025.390625 0.7998046875 0.7080078125 0.8740234375
38.212890625 210126.953125 0.7998046875 0.7080078125 0.8740234375
38.212890625 941025.390625 0.5556640625 0.7080078125 0.8740234375
38.212890625 941025.390625 0.7998046875 0.2822265625 0.8740234375
38.212890625 941025.390625 0.7998046875 0.7080078125 0.1630859375
38.212890625 210126.953125 0.5556640625 0.2822265625 0.1630859375
10.087890625 941025.390625 0.5556640625 0.2822265625 0.1630859375
10.087890625 210126.953125 0.7998046875 0.2822265625 0.1630859375
10.087890625 210126.953125 0.5556640625 0.7080078125 0.1630859375
10.087890625 210126.953125 0.5556640625 0.2822265625 0.8740234375
10.087890625 210126.953125 0.5556640625 0.2822265625 0.1630859375
49.462890625 322275.390625 0.6748046875 0.5830078125 0.9990234375
43.837890625 322275.390625 0.6748046875 0.5830078125 0.9990234375
49.462890625 581376.953125 0.6748046875 0.5830078125 0.9990234375
49.462890625 322275.390625 0.1806640625 0.5830078125 0.9990234375
49.462890625 322275.390625 0.6748046875 0.9072265625 0.9990234375
49.462890625 322275.390625 0.6748046875 0.5830078125 0.7880859375
49.462890625 581376.953125 0.1806640625 0.9072265625 0.7880859375
43.837890625 322275.390625 0.1806640625 0.9072265625 0.7880859375
43.837890625 581376.953125 0.6748046875 0.9072265625 0.7880859375
43.837890625 581376.953125 0.1806640625 0.5830078125 0.7880859375
43.837890625 581376.953125 0.1806640625 0.9072265625 0.9990234375
43.837890625 581376.953125 0.1806640625 0.9072265625 0.7880859375
94.462890625 817275.390625 0.1748046875 0.0830078125 0.4990234375
88.837890625 817275.390625 0.1748046875 0.0830078125 0.4990234375
94.462890625 86376.953125 0.1748046875 0.0830078125 0.4990234375
94.462890625 817275.390625 0.6806640625 0.0830078125 0.4990234375
94.462890625 817275.390625 0.1748046875 0.4072265625 0.4990234375
94.462890625 817275.390625 0.1748046875 0.0830078125 0.2880859375
94.462890625 86376.953125 0.6806640625 0.4072265625 0.2880859375
88.837890625 817275.390625 0.6806640625 0.4072265625 0.2880859375
88.837890625 86376.953125 0.1748046875 0.4072265625 0.2880859375
88.837890625 86376.953125 0.6806640625 0.0830078125 0.2880859375
88.837890625 86376.953125 0.6806640625 0.4072265625 0.4990234375
88.837890625 86376.953125 0.6806640625 0.4072265625 0.2880859375
71.962890625 74775.390625 0.9248046875 0.8330078125 0.2490234375
66.337890625 74775.390625 0.9248046875 0.8330078125 0.2490234375
71.962890625 828876.953125 0.9248046875 0.8330078125 0.2490234375
71.962890625 74775.390625 0.9306640625 0.8330078125 0.2490234375
71.962890625 74775.390625 0.9248046875 0.1572265625 0.2490234375
71.962890625 74775.390625 0.9248046875 0.8330078125 0.0380859375
71.962890625 828876.953125 0.9306640625 0.1572265625 0.0380859375
66.337890625 74775.390625 0.9306640625 0.1572265625 0.0380859375
66.337890625 828876.953125 0.9248046875 0.1572265625 0.0380859375
66.337890625 828876.953125 0.9306640625 0.8330078125 0.0380859375
66.337890625 828876.953125 0.9306640625 0.1572265625 0.2490234375
66.337890625 828876.953125 0.9306640625 0.1572265625 0.0380859375
26.962890625 569775.390625 0.4248046875 0.3330078125 0.7490234375
21.337890625 569775.390625 0.4248046875 0.3330078125 0.7490234375
26.962890625 333876.953125 0.4248046875 0.3330078125 0.7490234375
26.962890625 569775.390625 0.4306640625 0.3330078125 0.7490234375
26.962890625 569775.390625 0.4248046875 0.6572265625 0.7490234375
26.962890625 569775.390625 0.4248046875 0.3330078125 0.5380859375
26.962890625 333876.953125 0.4306640625 0.6572265625 0.5380859375
21.337890625 569775.390625 0.4306640625 0.6572265625 0.5380859375
21.337890625 333876.953125 0.4248046875 0.6572265625 0.5380859375
21.337890625 333876.953125 0.4306640625 0.3330078125 0.5380859375
21.337890625 333876.953125 0.4306640625 0.6572265625 0.7490234375
21.337890625 333876.953125 0.4306640625 0.6572265625 0.5380859375
21.337890625 384150.390625 0.9873046875 0.0205078125 0.0615234375
15.712890625 384150.390625 0.9873046875 0.0205078125 0.0615234375
21.337890625 519501.953125 0.9873046875 0.0205078125 0.0615234375
21.337890625 384150.390625 0.2431640625 0.0205078125 0.0615234375
21.337890625 384150.390625 0.9873046875 0.9697265625 0.0615234375
21.337890625 384150.390625 0.9873046875 0.0205078125 0.2255859375
21.337890625 519501.953125 0.2431640625 0.9697265625 0.2255859375
15.712890625 384150.390625 0.2431640625 0.9697265625 0.2255859375
15.712890625 519501.953125 0.9873046875 0.9697265625 0.2255859375
15.712890625 519501.953125 0.2431640625 0.0205078125 0.2255859375
15.712890625 519501.953125 0.2431640625 0.9697265625 0.0615234375
15.712890625 519501.953125 0.2431640625 0.9697265625 0.2255859375
66.337890625 879150.390625 0.4873046875 0.5205078125 0.5615234375
60.712890625 879150.390625 0.4873046875 0.5205078125 0.5615234375
66.337890625 24501.953125 0.4873046875 0.5205078125 0.5615234375
66.337890625 879150.390625 0.7431640625 0.5205078125 0.5615234375
66.337890625 879150.390625 0.4873046875 0.4697265625 0.5615234375
66.337890625 879150.390625 0.4873046875 0.5205078125 0.7255859375
66.337890625 24501.953125 0.7431640625 0.4697265625 0.7255859375
60.712890625 879150.390625 0.7431640625 0.4697265625 0.7255859375
60.712890625 24501.953125 0.4873046875 0.4697265625 0.7255859375
60.712890625 24501.953125 0.7431640625 0.5205078125 0.7255859375
60.712890625 24501.953125 0.7431640625 0.4697265625 0.5615234375
60.712890625 24501.953125 0.7431640625 0.4697265625 0.7255859375
88.837890625 136650.390625 0.7373046875 0.2705078125 0.8115234375
83.212890625 136650.390625 0.7373046875 0.2705078125 0.8115234375
88.837890625 767001.953125 0.7373046875 0.2705078125 0.8115234375
88.837890625 136650.390625 0.9931640625 0.2705078125 0.8115234375
88.837890625 136650.390625 0.7373046875 0.2197265625 0.8115234375
88.837890625 136650.390625 0.7373046875 0.2705078125 0.9755859375
88.837890625 767001.953125 0.9931640625 0.2197265625 0.9755859375
83.212890625 136650.390625 0.9931640625 0.2197265625 0.9755859375
83.212890625 767001.953125 0.7373046875 0.2197265625 0.9755859375
83.212890625 767001.953125 0.9931640625 0.2705078125 0.9755859375
83.212890625 767001.953125 0.9931640625 0.2197265625 0.8115234375
83.212890625 767001.953125 0.9931640625 0.2197265625 0.9755859375
43.837890625 631650.390625 0.2373046875 0.7705078125 0.3115234375
38.212890625 631650.390625 0.2373046875 0.7705078125 0.3115234375
43.837890625 272001.953125 0.2373046875 0.7705078125 0.3115234375
43.837890625 631650.390625 0.4931640625 0.7705078125 0.3115234375
43.837890625 631650.390625 0.2373046875 0.7197265625 0.3115234375
43.837890625 631650.390625 0.2373046875 0.7705078125 0.4755859375
43.837890625 272001.953125 0.4931640625 0.7197265625 0.4755859375
38.212890625 631650.390625 0.4931640625 0.7197265625 0.4755859375
38.212890625 272001.953125 0.2373046875 0.7197265625 0.4755859375
38.212890625 272001.953125 0.4931640625 0.7705078125 0.4755859375
38.212890625 272001.953125 0.4931640625 0.7197265625 0.3115234375
38.212890625 272001.953125 0.4931640625 0.7197265625 0.4755859375
32.587890625 12900.390625 0.3623046875 0.8955078125 0.4365234375
26.962890625 12900.390625 0.3623046875 0.8955078125 0.4365234375
32.587890625 890751.953125 0.3623046875 0.8955078125 0.4365234375
32.587890625 12900.390625 0.8681640625 0.8955078125 0.4365234375
32.587890625 12900.390625 0.3623046875 0.0947265625 0.4365234375
32.587890625 12900.390625 0.3623046875 0.8955078125 0.6005859375
32.587890625 890751.953125 0.8681640625 0.0947265625 0.6005859375
26.962890625 12900.390625 0.8681640625 0.0947265625 0.6005859375
26.962890625 890751.953125 0.3623046875 0.0947265625 0.6005859375
26.962890625 890751.953125 0.8681640625 0.8955078125 0.6005859375
26.962890625 890751.953125 0.8681640625 0.0947265625 0.4365234375
26.962890625 890751.953125 0.8681640625 0.0947265625 0.6005859375
77.587890625 507900.390625 0.8623046875 0.3955078125 0.9365234375
71.962890625 507900.390625 0.8623046875 0.3955078125 0.9365234375
77.587890625 395751.953125 0.8623046875 0.3955078125 0.9365234375
77.587890625 507900.390625 0.3681640625 0.3955078125 0.9365234375
77.587890625 507900.390625 0.8623046875 0.5947265625 0.9365234375
77.587890625 507900.390625 0.8623046875 0.3955078125 0.1005859375
77.587890625 395751.953125 0.3681640625 0.5947265625 0.1005859375
71.962890625 507900.390625 0.3681640625 0.5947265625 0.1005859375
71.962890625 395751.953125 0.8623046875 0.5947265625 0.1005859375
71.962890625 395751.953125 0.3681640625 0.3955078125 0.1005859375
71.962890625 395751.953125 0.3681640625 0.5947265625 0.9365234375
71.962890625 395751.953125 0.3681640625 0.5947265625 0.1005859375
55.087890625 260400.390625 0.1123046875 0.6455078125 0.6865234375
94.462890625 260400.390625 0.1123046875 0.6455078125 0.6865234375
55.087890625 643251.953125 0.1123046875 0.6455078125 0.6865234375
55.087890625 260400.390625 0.1181640625 0.6455078125 0.6865234375
55.087890625 260400.390625 0.1123046875 0.8447265625 0.6865234375
55.087890625 260400.390625 0.1123046875 0.6455078125 0.3505859375
55.087890625 643251.953125 0.1181640625 0.8447265625 0.3505859375
94.462890625 260400.390625 0.1181640625 0.8447265625 0.3505859375
94.462890625 643251.953125 0.1123046875 0.8447265625 0.3505859375
94.462890625 643251.953125 0.1181640625 0.6455078125 0.3505859375
94.462890625 643251.953125 0.1181640625 0.8447265625 0.6865234375
94.462890625 643251.953125 0.1181640625 0.8447265625 0.3505859375
10.087890625 755400.390625 0.6123046875 0.1455078125 0.1865234375
49.462890625 755400.390625 0.6123046875 0.1455078125 0.1865234375
10.087890625 148251.953125 0.6123046875 0.1455078125 0.1865234375
10.087890625 755400.390625 0.6181640625 0.1455078125 0.1865234375
10.087890625 755400.390625 0.6123046875 0.3447265625 0.1865234375
10.087890625 755400.390625 0.6123046875 0.1455078125 0.8505859375
10.087890625 148251.953125 0.6181640625 0.3447265625 0.8505859375
49.462890625 755400.390625 0.6181640625 0.3447265625 0.8505859375
49.462890625 148251.953125 0.6123046875 0.3447265625 0.8505859375
49.462890625 148251.953125 0.6181640625 0.1455078125 0.8505859375
49.462890625 148251.953125 0.6181640625 0.3447265625 0.1865234375
49.462890625 148251.953125 0.6181640625 0.3447265625 0.8505859375
10.1318359375 382700.1953125 0.44775390625 0.48681640625 0.55712890625
85.9814453125 382700.1953125 0.44775390625 0.48681640625 0.55712890625
10.1318359375 249282.2265625 0.44775390625 0.48681640625 0.55712890625
10.1318359375 382700.1953125 0.58740234375 0.48681640625 0.55712890625
10.1318359375 382700.1953125 0.44775390625 0.69677734375 0.55712890625
10.1318359375 382700.1953125 0.44775390625 0.48681640625 0.67138671875
10.1318359375 249282.2265625 0.58740234375 0.69677734375 0.67138671875
85.9814453125 382700.1953125 0.58740234375 0.69677734375 0.67138671875
85.9814453125 249282.2265625 0.44775390625 0.69677734375 0.67138671875
85.9814453125 249282.2265625 0.58740234375 0.48681640625 0.67138671875
85.9814453125 249282.2265625 0.58740234375 0.69677734375 0.55712890625
85.9814453125 249282.2265625 0.58740234375 0.69677734375 0.67138671875
55.1318359375 877700.1953125 0.94775390625 0.98681640625 0.05712890625
40.9814453125 877700.1953125 0.94775390625 0.98681640625 0.05712890625
55.1318359375 744282.2265625 0.94775390625 0.98681640625 0.05712890625
55.1318359375 877700.1953125 0.08740234375 0.98681640625 0.05712890625
55.1318359375 877700.1953125 0.94775390625 0.19677734375 0.05712890625
55.1318359375 877700.1953125 0.94775390625 0.98681640625 0.17138671875
55.1318359375 744282.2265625 0.08740234375 0.19677734375 0.17138671875
40.9814453125 877700.1953125 0.08740234375 0.19677734375 0.17138671875
40.9814453125 744282.2265625 0.94775390625 0.19677734375 0.17138671875
40.9814453125 744282.2265625 0.08740234375 0.98681640625 0.17138671875
40.9814453125 744282.2265625 0.08740234375 0.19677734375 0.05712890625
40.9814453125 744282.2265625 0.08740234375 0.19677734375 0.17138671875
77.6318359375 135200.1953125 0.19775390625 0.23681640625 0.30712890625
18.4814453125 135200.1953125 0.19775390625 0.23681640625 0.30712890625
77.6318359375 496782.2265625 0.19775390625 0.23681640625 0.30712890625
77.6318359375 135200.1953125 0.33740234375 0.23681640625 0.30712890625
77.6318359375 135200.1953125 0.19775390625 0.44677734375 0.30712890625
77.6318359375 135200.1953125 0.19775390625 0.23681640625 0.42138671875
77.6318359375 496782.2265625 0.33740234375 0.44677734375 0.42138671875
18.4814453125 135200.1953125 0.33740234375 0.44677734375 0.42138671875
18.4814453125 496782.2265625 0.19775390625 0.44677734375 0.42138671875
18.4814453125 496782.2265625 0.33740234375 0.23681640625 0.42138671875
18.4814453125 496782.2265625 0.33740234375 0.44677734375 0.30712890625
18.4814453125 496782.2265625 0.33740234375 0.44677734375 0.42138671875
32.6318359375 630200.1953125 0.69775390625 0.73681640625 0.80712890625
63.4814453125 630200.1953125 0.69775390625 0.73681640625 0.80712890625
32.6318359375 991782.2265625 0.69775390625 0.73681640625 0.80712890625
32.6318359375 630200.1953125 0.83740234375 0.73681640625 0.80712890625
32.6318359375 630200.1953125 0.69775390625 0.94677734375 0.80712890625
32.6318359375 630200.1953125 0.69775390625 0.73681640625 0.92138671875
32.6318359375 991782.2265625 0.83740234375 0.94677734375 0.92138671875
63.4814453125 630200.1953125 0.83740234375 0.94677734375 0.92138671875
63.4814453125 991782.2265625 0.69775390625 0.94677734375 0.92138671875
63.4814453125 991782.2265625 0.83740234375 0.73681640625 0.92138671875
63.4814453125 991782.2265625 0.83740234375 0.94677734375 0.80712890625
63.4814453125 991782.2265625 0.83740234375 0.94677734375 0.92138671875
43.8818359375 11450.1953125 0.82275390625 0.61181640625 0.93212890625
97.2314453125 11450.1953125 0.82275390625 0.61181640625 0.93212890625
43.8818359375 373032.2265625 0.82275390625 0.61181640625 0.93212890625
43.8818359375 11450.1953125 0.46240234375 0.61181640625 0.93212890625
43.8818359375 11450.1953125 0.82275390625 0.32177734375 0.93212890625
43.8818359375 11450.1953125 0.82275390625 0.61181640625 0.04638671875
43.8818359375 373032.2265625 0.46240234375 0.32177734375 0.04638671875
97.2314453125 11450.1953125 0.46240234375 0.32177734375 0.04638671875
97.2314453125 373032.2265625 0.82275390625 0.32177734375 0.04638671875
97.2314453125 373032.2265625 0.46240234375 0.61181640625 0.04638671875
97.2314453125 373032.2265625 0.46240234375 0.32177734375 0.93212890625
97.2314453125 373032.2265625 0.46240234375 0.32177734375 0.04638671875
88.8818359375 506450.1953125 0.32275390625 0.11181640625 0.43212890625
52.2314453125 506450.1953125 0.32275390625 0.11181640625 0.43212890625
88.8818359375 868032.2265625 0.32275390625 0.11181640625 0.43212890625
88.8818359375 506450.1953125 0.96240234375 0.11181640625 0.43212890625
88.8818359375 506450.1953125 0.32275390625 0.82177734375 0.43212890625
88.8818359375 506450.1953125 0.32275390625 0.11181640625 0.54638671875
88.8818359375 868032.2265625 0.96240234375 0.82177734375 0.54638671875
52.2314453125 506450.1953125 0.96240234375 0.82177734375 0.54638671875
52.2314453125 868032.2265625 0.32275390625 0.82177734375 0.54638671875
52.2314453125 868032.2265625 0.96240234375 0.11181640625 0.54638671875
52.2314453125 868032.2265625 0.96240234375 0.82177734375 0.43212890625
52.2314453125 868032.2265625 0.96240234375 0.82177734375 0.54638671875
66.3818359375 258950.1953125 0.57275390625 0.86181640625 0.18212890625
29.7314453125 258950.1953125 0.57275390625 0.86181640625 0.18212890625
66.3818359375 125532.2265625 0.57275390625 0.86181640625 0.18212890625
66.3818359375 258950.1953125 0.71240234375 0.86181640625 0.18212890625
66.3818359375 258950.1953125 0.57275390625 0.57177734375 0.18212890625
66.3818359375 258950.1953125 0.57275390625 0.86181640625 0.79638671875
66.3818359375 125532.2265625 0.71240234375 0.57177734375 0.79638671875
29.7314453125 258950.1953125 0.71240234375 0.57177734375 0.79638671875
29.7314453125 125532.2265625 0.57275390625 0.57177734375 0.79638671875
29.7314453125 125532.2265625 0.71240234375 0.86181640625 0.79638671875
29.7314453125 125532.2265625 0.71240234375 0.57177734375 0.18212890625
29.7314453125 125532.2265625 0.71240234375 0.57177734375 0.79638671875
21.3818359375 753950.1953125 0.07275390625 0.36181640625 0.68212890625
74.7314453125 753950.1953125 0.07275390625 0.36181640625 0.68212890625
21.3818359375 620532.2265625 0.07275390625 0.36181640625 0.68212890625
21.3818359375 753950.1953125 0.21240234375 0.36181640625 0.68212890625
21.3818359375 753950.1953125 0.07275390625 0.07177734375 0.68212890625
21.3818359375 753950.1953125 0.07275390625 0.36181640625 0.29638671875
21.3818359375 620532.2265625 0.21240234375 0.07177734375 0.29638671875
74.7314453125 753950.1953125 0.21240234375 0.07177734375 0.29638671875
74.7314453125 620532.2265625 0.07275390625 0.07177734375 0.29638671875
74.7314453125 620532.2265625 0.21240234375 0.36181640625 0.29638671875
74.7314453125 620532.2265625 0.21240234375 0.07177734375 0.68212890625
74.7314453125 620532.2265625 0.21240234375 0.07177734375 0.29638671875
27.0068359375 197075.1953125 0.51025390625 0.04931640625 0.11962890625
57.8564453125 197075.1953125 0.51025390625 0.04931640625 0.11962890625
27.0068359375 311157.2265625 0.51025390625 0.04931640625 0.11962890625
27.0068359375 197075.1953125 0.39990234375 0.04931640625 0.11962890625
27.0068359375 197075.1953125 0.51025390625 0.25927734375 0.11962890625
27.0068359375 197075.1953125 0.51025390625 0.04931640625 0.98388671875
27.0068359375 311157.2265625 0.39990234375 0.25927734375 0.98388671875
57.8564453125 197075.1953125 0.39990234375 0.25927734375 0.98388671875
57.8564453125 311157.2265625 0.51025390625 0.25927734375 0.98388671875
57.8564453125 311157.2265625 0.39990234375 0.04931640625 0.98388671875
57.8564453125 311157.2265625 0.39990234375 0.25927734375 0.11962890625
57.8564453125 311157.2265625 0.39990234375 0.25927734375 0.98388671875
72.0068359375 692075.1953125 0.01025390625 0.54931640625 0.61962890625
12.8564453125 692075.1953125 0.01025390625 0.54931640625 0.61962890625
72.0068359375 806157.2265625 0.01025390625 0.54931640625 0.61962890625
72.0068359375 692075.1953125 0.89990234375 0.54931640625 0.61962890625
72.0068359375 692075.1953125 0.01025390625 0.75927734375 0.61962890625
72.0068359375 692075.1953125 0.01025390625 0.54931640625 0.48388671875
72.0068359375 806157.2265625 0.89990234375 0.75927734375 0.48388671875
12.8564453125 692075.1953125 0.89990234375 0.75927734375 0.48388671875
12.8564453125 806157.2265625 0.01025390625 0.75927734375 0.48388671875
12.8564453125 806157.2265625 0.89990234375 0.54931640625 0.48388671875
12.8564453125 806157.2265625 0.89990234375 0.75927734375 0.61962890625
12.8564453125 806157.2265625 0.89990234375 0.75927734375 0.48388671875
94.5068359375 444575.1953125 0.76025390625 0.29931640625 0.86962890625
35.3564453125 444575.1953125 0.76025390625 0.29931640625 0.86962890625
94.5068359375 63657.2265625 0.76025390625 0.29931640625 0.86962890625
94.5068359375 444575.1953125 0.64990234375 0.29931640625 0.86962890625
94.5068359375 444575.1953125 0.76025390625 0.50927734375 0.86962890625
94.5068359375 444575.1953125 0.76025390625 0.29931640625 0.23388671875
94.5068359375 63657.2265625 0.64990234375 0.50927734375 0.23388671875
35.3564453125 444575.1953125 0.64990234375 0.50927734375 0.23388671875
35.3564453125 63657.2265625 0.76025390625 0.50927734375 0.23388671875
35.3564453125 63657.2265625 0.64990234375 0.29931640625 0.23388671875
35.3564453125 63657.2265625 0.64990234375 0.50927734375 0.86962890625
35.3564453125 63657.2265625 0.64990234375 0.50927734375 0.23388671875
