29.775390625 18.701171875 523369.140625 0.6767578125 0.2802734375 453.61328125 2.1015625
90.947265625 18.701171875 523369.140625 0.6767578125 0.2802734375 453.61328125 2.1015625
29.775390625 55.087890625 523369.140625 0.6767578125 0.2802734375 453.61328125 2.1015625
29.775390625 18.701171875 78642.578125 0.6767578125 0.2802734375 453.61328125 2.1015625
29.775390625 18.701171875 523369.140625 0.0849609375 0.2802734375 453.61328125 2.1015625
29.775390625 18.701171875 523369.140625 0.6767578125 0.2548828125 453.61328125 2.1015625
29.775390625 18.701171875 523369.140625 0.6767578125 0.2802734375 80.56640625 2.1015625
29.775390625 18.701171875 523369.140625 0.6767578125 0.2802734375 453.61328125 10.2109375
29.775390625 55.087890625 78642.578125 0.0849609375 0.2548828125 80.56640625 10.2109375
90.947265625 18.701171875 78642.578125 0.0849609375 0.2548828125 80.56640625 10.2109375
90.947265625 55.087890625 523369.140625 0.0849609375 0.2548828125 80.56640625 10.2109375
90.947265625 55.087890625 78642.578125 0.6767578125 0.2548828125 80.56640625 10.2109375
90.947265625 55.087890625 78642.578125 0.0849609375 0.2802734375 80.56640625 10.2109375
90.947265625 55.087890625 78642.578125 0.0849609375 0.2548828125 453.61328125 10.2109375
90.947265625 55.087890625 78642.578125 0.0849609375 0.2548828125 80.56640625 2.1015625
90.947265625 55.087890625 78642.578125 0.0849609375 0.2548828125 80.56640625 10.2109375
74.775390625 63.701171875 28369.140625 0.1767578125 0.7802734375 203.61328125 14.1015625
45.947265625 63.701171875 28369.140625 0.1767578125 0.7802734375 203.61328125 14.1015625
74.775390625 10.087890625 28369.140625 0.1767578125 0.7802734375 203.61328125 14.1015625
74.775390625 63.701171875 573642.578125 0.1767578125 0.7802734375 203.61328125 14.1015625
74.775390625 63.701171875 28369.140625 0.5849609375 0.7802734375 203.61328125 14.1015625
74.775390625 63.701171875 28369.140625 0.1767578125 0.7548828125 203.61328125 14.1015625
74.775390625 63.701171875 28369.140625 0.1767578125 0.7802734375 330.56640625 14.1015625
74.775390625 63.701171875 28369.140625 0.1767578125 0.7802734375 203.61328125 22.2109375
74.775390625 10.087890625 573642.578125 0.5849609375 0.7548828125 330.56640625 22.2109375
45.947265625 63.701171875 573642.578125 0.5849609375 0.7548828125 330.56640625 22.2109375
45.947265625 10.087890625 28369.140625 0.5849609375 0.7548828125 330.56640625 22.2109375
45.947265625 10.087890625 573642.578125 0.1767578125 0.7548828125 330.56640625 22.2109375
45.947265625 10.087890625 573642.578125 0.5849609375 0.7802734375 330.56640625 22.2109375
45.947265625 10.087890625 573642.578125 0.5849609375 0.7548828125 203.61328125 22.2109375
45.947265625 10.087890625 573642.578125 0.5849609375 0.7548828125 330.56640625 14.1015625
45.947265625 10.087890625 573642.578125 0.5849609375 0.7548828125 330.56640625 22.2109375
97.275390625 41.201171875 770869.140625 0.9267578125 0.5302734375 78.61328125 8.1015625
23.447265625 41.201171875 770869.140625 0.9267578125 0.5302734375 78.61328125 8.1015625
97.275390625 32.587890625 770869.140625 0.9267578125 0.5302734375 78.61328125 8.1015625
97.275390625 41.201171875 821142.578125 0.9267578125 0.5302734375 78.61328125 8.1015625
97.275390625 41.201171875 770869.140625 0.8349609375 0.5302734375 78.61328125 8.1015625
97.275390625 41.201171875 770869.140625 0.9267578125 0.5048828125 78.61328125 8.1015625
97.275390625 41.201171875 770869.140625 0.9267578125 0.5302734375 205.56640625 8.1015625
97.275390625 41.201171875 770869.140625 0.9267578125 0.5302734375 78.61328125 4.2109375
97.275390625 32.587890625 821142.578125 0.8349609375 0.5048828125 205.56640625 4.2109375
23.447265625 41.201171875 821142.578125 0.8349609375 0.5048828125 205.56640625 4.2109375
23.447265625 32.587890625 770869.140625 0.8349609375 0.5048828125 205.56640625 4.2109375
23.447265625 32.587890625 821142.578125 0.9267578125 0.5048828125 205.56640625 4.2109375
23.447265625 32.587890625 821142.578125 0.8349609375 0.5302734375 205.56640625 4.2109375
23.447265625 32.587890625 821142.578125 0.8349609375 0.5048828125 78.61328125 4.2109375
23.447265625 32.587890625 821142.578125 0.8349609375 0.5048828125 205.56640625 8.1015625
23.447265625 32.587890625 821142.578125 0.8349609375 0.5048828125 205.56640625 4.2109375
52.275390625 86.201171875 275869.140625 0.4267578125 0.0302734375 328.61328125 20.1015625
68.447265625 86.201171875 275869.140625 0.4267578125 0.0302734375 328.61328125 20.1015625
52.275390625 77.587890625 275869.140625 0.4267578125 0.0302734375 328.61328125 20.1015625
52.275390625 86.201171875 326142.578125 0.4267578125 0.0302734375 328.61328125 20.1015625
52.275390625 86.201171875 275869.140625 0.3349609375 0.0302734375 328.61328125 20.1015625
52.275390625 86.201171875 275869.140625 0.4267578125 0.0048828125 328.61328125 20.1015625
52.275390625 86.201171875 275869.140625 0.4267578125 0.0302734375 455.56640625 20.1015625
52.275390625 86.201171875 275869.140625 0.4267578125 0.0302734375 328.61328125 16.2109375
52.275390625 77.587890625 326142.578125 0.3349609375 0.0048828125 455.56640625 16.2109375
68.447265625 86.201171875 326142.578125 0.3349609375 0.0048828125 455.56640625 16.2109375
68.447265625 77.587890625 275869.140625 0.3349609375 0.0048828125 455.56640625 16.2109375
68.447265625 77.587890625 326142.578125 0.4267578125 0.0048828125 455.56640625 16.2109375
68.447265625 77.587890625 326142.578125 0.3349609375 0.0302734375 455.56640625 16.2109375
68.447265625 77.587890625 326142.578125 0.3349609375 0.0048828125 328.61328125 16.2109375
68.447265625 77.587890625 326142.578125 0.3349609375 0.0048828125 455.56640625 20.1015625
68.447265625 77.587890625 326142.578125 0.3349609375 0.0048828125 455.56640625 16.2109375
41.025390625 52.451171875 152119.140625 0.3017578125 0.1552734375 391.11328125 11.1015625
12.197265625 52.451171875 152119.140625 0.3017578125 0.1552734375 391.11328125 11.1015625
41.025390625 43.837890625 152119.140625 0.3017578125 0.1552734375 391.11328125 11.1015625
41.025390625 52.451171875 697392.578125 0.3017578125 0.1552734375 391.11328125 11.1015625
41.025390625 52.451171875 152119.140625 0.9599609375 0.1552734375 391.11328125 11.1015625
41.025390625 52.451171875 152119.140625 0.3017578125 0.1298828125 391.11328125 11.1015625
41.025390625 52.451171875 152119.140625 0.3017578125 0.1552734375 143.06640625 11.1015625
41.025390625 52.451171875 152119.140625 0.3017578125 0.1552734375 391.11328125 19.2109375
41.025390625 43.837890625 697392.578125 0.9599609375 0.1298828125 143.06640625 19.2109375
12.197265625 52.451171875 697392.578125 0.9599609375 0.1298828125 143.06640625 19.2109375
12.197265625 43.837890625 152119.140625 0.9599609375 0.1298828125 143.06640625 19.2109375
12.197265625 43.837890625 697392.578125 0.3017578125 0.1298828125 143.06640625 19.2109375
12.197265625 43.837890625 697392.578125 0.9599609375 0.1552734375 143.06640625 19.2109375
12.197265625 43.837890625 697392.578125 0.9599609375 0.1298828125 391.11328125 19.2109375
12.197265625 43.837890625 697392.578125 0.9599609375 0.1298828125 143.06640625 11.1015625
12.197265625 43.837890625 697392.578125 0.9599609375 0.1298828125 143.06640625 19.2109375
86.025390625 97.451171875 647119.140625 0.8017578125 0.6552734375 141.11328125 23.1015625
57.197265625 97.451171875 647119.140625 0.8017578125 0.6552734375 141.11328125 23.1015625
86.025390625 88.837890625 647119.140625 0.8017578125 0.6552734375 141.11328125 23.1015625
86.025390625 97.451171875 202392.578125 0.8017578125 0.6552734375 141.11328125 23.1015625
86.025390625 97.451171875 647119.140625 0.4599609375 0.6552734375 141.11328125 23.1015625
86.025390625 97.451171875 647119.140625 0.8017578125 0.6298828125 141.11328125 23.1015625
86.025390625 97.451171875 647119.140625 0.8017578125 0.6552734375 393.06640625 23.1015625
86.025390625 97.451171875 647119.140625 0.8017578125 0.6552734375 141.11328125 7.2109375
86.025390625 88.837890625 202392.578125 0.4599609375 0.6298828125 393.06640625 7.2109375
57.197265625 97.451171875 202392.578125 0.4599609375 0.6298828125 393.06640625 7.2109375
57.197265625 88.837890625 647119.140625 0.4599609375 0.6298828125 393.06640625 7.2109375
57.197265625 88.837890625 202392.578125 0.8017578125 0.6298828125 393.06640625 7.2109375
57.197265625 88.837890625 202392.578125 0.4599609375 0.6552734375 393.06640625 7.2109375
57.197265625 88.837890625 202392.578125 0.4599609375 0.6298828125 141.11328125 7.2109375
57.197265625 88.837890625 202392.578125 0.4599609375 0.6298828125 393.06640625 23.1015625
57.197265625 88.837890625 202392.578125 0.4599609375 0.6298828125 393.06640625 7.2109375
63.525390625 29.951171875 399619.140625 0.0517578125 0.9052734375 16.11328125 5.1015625
79.697265625 29.951171875 399619.140625 0.0517578125 0.9052734375 16.11328125 5.1015625
63.525390625 66.337890625 399619.140625 0.0517578125 0.9052734375 16.11328125 5.1015625
63.525390625 29.951171875 449892.578125 0.0517578125 0.9052734375 16.11328125 5.1015625
63.525390625 29.951171875 399619.140625 0.2099609375 0.9052734375 16.11328125 5.1015625
63.525390625 29.951171875 399619.140625 0.0517578125 0.8798828125 16.11328125 5.1015625
63.525390625 29.951171875 399619.140625 0.0517578125 0.9052734375 18.06640625 5.1015625
63.525390625 29.951171875 399619.140625 0.0517578125 0.9052734375 16.11328125 13.2109375
63.525390625 66.337890625 449892.578125 0.2099609375 0.8798828125 18.06640625 13.2109375
79.697265625 29.951171875 449892.578125 0.2099609375 0.8798828125 18.06640625 13.2109375
79.697265625 66.337890625 399619.140625 0.2099609375 0.8798828125 18.06640625 13.2109375
79.697265625 66.337890625 449892.578125 0.0517578125 0.8798828125 18.06640625 13.2109375
79.697265625 66.337890625 449892.578125 0.2099609375 0.9052734375 18.06640625 13.2109375
79.697265625 66.337890625 449892.578125 0.2099609375 0.8798828125 16.11328125 13.2109375
79.697265625 66.337890625 449892.578125 0.2099609375 0.8798828125 18.06640625 5.1015625
79.697265625 66.337890625 449892.578125 0.2099609375 0.8798828125 18.06640625 13.2109375
18.525390625 74.951171875 894619.140625 0.5517578125 0.4052734375 266.11328125 17.1015625
34.697265625 74.951171875 894619.140625 0.5517578125 0.4052734375 266.11328125 17.1015625
18.525390625 21.337890625 894619.140625 0.5517578125 0.4052734375 266.11328125 17.1015625
18.525390625 74.951171875 944892.578125 0.5517578125 0.4052734375 266.11328125 17.1015625
18.525390625 74.951171875 894619.140625 0.7099609375 0.4052734375 266.11328125 17.1015625
18.525390625 74.951171875 894619.140625 0.5517578125 0.3798828125 266.11328125 17.1015625
18.525390625 74.951171875 894619.140625 0.5517578125 0.4052734375 268.06640625 17.1015625
18.525390625 74.951171875 894619.140625 0.5517578125 0.4052734375 266.11328125 1.2109375
18.525390625 21.337890625 944892.578125 0.7099609375 0.3798828125 268.06640625 1.2109375
34.697265625 74.951171875 944892.578125 0.7099609375 0.3798828125 268.06640625 1.2109375
34.697265625 21.337890625 894619.140625 0.7099609375 0.3798828125 268.06640625 1.2109375
34.697265625 21.337890625 944892.578125 0.5517578125 0.3798828125 268.06640625 1.2109375
34.697265625 21.337890625 944892.578125 0.7099609375 0.4052734375 268.06640625 1.2109375
34.697265625 21.337890625 944892.578125 0.7099609375 0.3798828125 266.11328125 1.2109375
34.697265625 21.337890625 944892.578125 0.7099609375 0.3798828125 268.06640625 17.1015625
34.697265625 21.337890625 944892.578125 0.7099609375 0.3798828125 268.06640625 1.2109375
15.712890625 27.138671875 59306.640625 0.4580078125 0.6240234375 125.48828125 23.8515625
82.509765625 27.138671875 59306.640625 0.4580078125 0.6240234375 125.48828125 23.8515625
15.712890625 12.900390625 59306.640625 0.4580078125 0.6240234375 125.48828125 23.8515625
15.712890625 27.138671875 418955.078125 0.4580078125 0.6240234375 125.48828125 23.8515625
15.712890625 27.138671875 59306.640625 0.7412109375 0.6240234375 125.48828125 23.8515625
15.712890625 27.138671875 59306.640625 0.4580078125 0.2236328125 125.48828125 23.8515625
15.712890625 27.138671875 59306.640625 0.4580078125 0.6240234375 221.19140625 23.8515625
15.712890625 27.138671875 59306.640625 0.4580078125 0.6240234375 125.48828125 6.4609375
15.712890625 12.900390625 418955.078125 0.7412109375 0.2236328125 221.19140625 6.4609375
82.509765625 27.138671875 418955.078125 0.7412109375 0.2236328125 221.19140625 6.4609375
82.509765625 12.900390625 59306.640625 0.7412109375 0.2236328125 221.19140625 6.4609375
82.509765625 12.900390625 418955.078125 0.4580078125 0.2236328125 221.19140625 6.4609375
82.509765625 12.900390625 418955.078125 0.7412109375 0.6240234375 221.19140625 6.4609375
82.509765625 12.900390625 418955.078125 0.7412109375 0.2236328125 125.48828125 6.4609375
82.509765625 12.900390625 418955.078125 0.7412109375 0.2236328125 221.19140625 23.8515625
82.509765625 12.900390625 418955.078125 0.7412109375 0.2236328125 221.19140625 6.4609375
60.712890625 72.138671875 554306.640625 0.9580078125 0.1240234375 375.48828125 11.8515625
37.509765625 72.138671875 554306.640625 0.9580078125 0.1240234375 375.48828125 11.8515625
60.712890625 57.900390625 554306.640625 0.9580078125 0.1240234375 375.48828125 11.8515625
60.712890625 72.138671875 913955.078125 0.9580078125 0.1240234375 375.48828125 11.8515625
60.712890625 72.138671875 554306.640625 0.2412109375 0.1240234375 375.48828125 11.8515625
60.712890625 72.138671875 554306.640625 0.9580078125 0.7236328125 375.48828125 11.8515625
60.712890625 72.138671875 554306.640625 0.9580078125 0.1240234375 471.19140625 11.8515625
60.712890625 72.138671875 554306.640625 0.9580078125 0.1240234375 375.48828125 18.4609375
60.712890625 57.900390625 913955.078125 0.2412109375 0.7236328125 471.19140625 18.4609375
37.509765625 72.138671875 913955.078125 0.2412109375 0.7236328125 471.19140625 18.4609375
37.509765625 57.900390625 554306.640625 0.2412109375 0.7236328125 471.19140625 18.4609375
37.509765625 57.900390625 913955.078125 0.9580078125 0.7236328125 471.19140625 18.4609375
37.509765625 57.900390625 913955.078125 0.2412109375 0.1240234375 471.19140625 18.4609375
37.509765625 57.900390625 913955.078125 0.2412109375 0.7236328125 375.48828125 18.4609375
37.509765625 57.900390625 913955.078125 0.2412109375 0.7236328125 471.19140625 11.8515625
37.509765625 57.900390625 913955.078125 0.2412109375 0.7236328125 471.19140625 18.4609375
83.212890625 49.638671875 306806.640625 0.2080078125 0.3740234375 250.48828125 17.8515625
15.009765625 49.638671875 306806.640625 0.2080078125 0.3740234375 250.48828125 17.8515625
83.212890625 80.400390625 306806.640625 0.2080078125 0.3740234375 250.48828125 17.8515625
83.212890625 49.638671875 666455.078125 0.2080078125 0.3740234375 250.48828125 17.8515625
83.212890625 49.638671875 306806.640625 0.4912109375 0.3740234375 250.48828125 17.8515625
83.212890625 49.638671875 306806.640625 0.2080078125 0.9736328125 250.48828125 17.8515625
83.212890625 49.638671875 306806.640625 0.2080078125 0.3740234375 96.19140625 17.8515625
83.212890625 49.638671875 306806.640625 0.2080078125 0.3740234375 250.48828125 12.4609375
83.212890625 80.400390625 666455.078125 0.4912109375 0.9736328125 96.19140625 12.4609375
15.009765625 49.638671875 666455.078125 0.4912109375 0.9736328125 96.19140625 12.4609375
15.009765625 80.400390625 306806.640625 0.4912109375 0.9736328125 96.19140625 12.4609375
15.009765625 80.400390625 666455.078125 0.2080078125 0.9736328125 96.19140625 12.4609375
15.009765625 80.400390625 666455.078125 0.4912109375 0.3740234375 96.19140625 12.4609375
15.009765625 80.400390625 666455.078125 0.4912109375 0.9736328125 250.48828125 12.4609375
15.009765625 80.400390625 666455.078125 0.4912109375 0.9736328125 96.19140625 17.8515625
15.009765625 80.400390625 666455.078125 0.4912109375 0.9736328125 96.19140625 12.4609375
38.212890625 94.638671875 801806.640625 0.7080078125 0.8740234375 0.48828125 5.8515625
60.009765625 94.638671875 801806.640625 0.7080078125 0.8740234375 0.48828125 5.8515625
38.212890625 35.400390625 801806.640625 0.7080078125 0.8740234375 0.48828125 5.8515625
38.212890625 94.638671875 171455.078125 0.7080078125 0.8740234375 0.48828125 5.8515625
38.212890625 94.638671875 801806.640625 0.9912109375 0.8740234375 0.48828125 5.8515625
38.212890625 94.638671875 801806.640625 0.7080078125 0.4736328125 0.48828125 5.8515625
38.212890625 94.638671875 801806.640625 0.7080078125 0.8740234375 346.19140625 5.8515625
38.212890625 94.638671875 801806.640625 0.7080078125 0.8740234375 0.48828125 24.4609375
38.212890625 35.400390625 171455.078125 0.9912109375 0.4736328125 346.19140625 24.4609375
60.009765625 94.638671875 171455.078125 0.9912109375 0.4736328125 346.19140625 24.4609375
60.009765625 35.400390625 801806.640625 0.9912109375 0.4736328125 346.19140625 24.4609375
60.009765625 35.400390625 171455.078125 0.7080078125 0.4736328125 346.19140625 24.4609375
60.009765625 35.400390625 171455.078125 0.9912109375 0.8740234375 346.19140625 24.4609375
60.009765625 35.400390625 171455.078125 0.9912109375 0.4736328125 0.48828125 24.4609375
60.009765625 35.400390625 171455.078125 0.9912109375 0.4736328125 346.19140625 5.8515625
60.009765625 35.400390625 171455.078125 0.9912109375 0.4736328125 346.19140625 24.4609375
49.462890625 38.388671875 678056.640625 0.5830078125 0.9990234375 187.98828125 14.8515625
26.259765625 38.388671875 678056.640625 0.5830078125 0.9990234375 187.98828125 14.8515625
49.462890625 91.650390625 678056.640625 0.5830078125 0.9990234375 187.98828125 14.8515625
49.462890625 38.388671875 790205.078125 0.5830078125 0.9990234375 187.98828125 14.8515625
49.462890625 38.388671875 678056.640625 0.3662109375 0.9990234375 187.98828125 14.8515625
49.462890625 38.388671875 678056.640625 0.5830078125 0.3486328125 187.98828125 14.8515625
49.462890625 38.388671875 678056.640625 0.5830078125 0.9990234375 33.69140625 14.8515625
49.462890625 38.388671875 678056.640625 0.5830078125 0.9990234375 187.98828125 15.4609375
49.462890625 91.650390625 790205.078125 0.3662109375 0.3486328125 33.69140625 15.4609375
26.259765625 38.388671875 790205.078125 0.3662109375 0.3486328125 33.69140625 15.4609375
26.259765625 91.650390625 678056.640625 0.3662109375 0.3486328125 33.69140625 15.4609375
26.259765625 91.650390625 790205.078125 0.5830078125 0.3486328125 33.69140625 15.4609375
26.259765625 91.650390625 790205.078125 0.3662109375 0.9990234375 33.69140625 15.4609375
26.259765625 91.650390625 790205.078125 0.3662109375 0.3486328125 187.98828125 15.4609375
26.259765625 91.650390625 790205.078125 0.3662109375 0.3486328125 33.69140625 14.8515625
26.259765625 91.650390625 790205.078125 0.3662109375 0.3486328125 33.69140625 15.4609375
94.462890625 83.388671875 183056.640625 0.0830078125 0.4990234375 437.98828125 2.8515625
71.259765625 83.388671875 183056.640625 0.0830078125 0.4990234375 437.98828125 2.8515625
94.462890625 46.650390625 183056.640625 0.0830078125 0.4990234375 437.98828125 2.8515625
94.462890625 83.388671875 295205.078125 0.0830078125 0.4990234375 437.98828125 2.8515625
94.462890625 83.388671875 183056.640625 0.8662109375 0.4990234375 437.98828125 2.8515625
94.462890625 83.388671875 183056.640625 0.0830078125 0.8486328125 437.98828125 2.8515625
94.462890625 83.388671875 183056.640625 0.0830078125 0.4990234375 283.69140625 2.8515625
94.462890625 83.388671875 183056.640625 0.0830078125 0.4990234375 437.98828125 3.4609375
94.462890625 46.650390625 295205.078125 0.8662109375 0.8486328125 283.69140625 3.4609375
71.259765625 83.388671875 295205.078125 0.8662109375 0.8486328125 283.69140625 3.4609375
71.259765625 46.650390625 183056.640625 0.8662109375 0.8486328125 283.69140625 3.4609375
71.259765625 46.650390625 295205.078125 0.0830078125 0.8486328125 283.69140625 3.4609375
71.259765625 46.650390625 295205.078125 0.8662109375 0.4990234375 283.69140625 3.4609375
71.259765625 46.650390625 295205.078125 0.8662109375 0.8486328125 437.98828125 3.4609375
71.259765625 46.650390625 295205.078125 0.8662109375 0.8486328125 283.69140625 2.8515625
71.259765625 46.650390625 295205.078125 0.8662109375 0.8486328125 283.69140625 3.4609375
71.962890625 15.888671875 925556.640625 0.8330078125 0.2490234375 312.98828125 20.8515625
93.759765625 15.888671875 925556.640625 0.8330078125 0.2490234375 312.98828125 20.8515625
71.962890625 24.150390625 925556.640625 0.8330078125 0.2490234375 312.98828125 20.8515625
71.962890625 15.888671875 47705.078125 0.8330078125 0.2490234375 312.98828125 20.8515625
71.962890625 15.888671875 925556.640625 0.6162109375 0.2490234375 312.98828125 20.8515625
71.962890625 15.888671875 925556.640625 0.8330078125 0.5986328125 312.98828125 20.8515625
71.962890625 15.888671875 925556.640625 0.8330078125 0.2490234375 158.69140625 20.8515625
71.962890625 15.888671875 925556.640625 0.8330078125 0.2490234375 312.98828125 21.4609375
71.962890625 24.150390625 47705.078125 0.6162109375 0.5986328125 158.69140625 21.4609375
93.759765625 15.888671875 47705.078125 0.6162109375 0.5986328125 158.69140625 21.4609375
93.759765625 24.150390625 925556.640625 0.6162109375 0.5986328125 158.69140625 21.4609375
93.759765625 24.150390625 47705.078125 0.8330078125 0.5986328125 158.69140625 21.4609375
93.759765625 24.150390625 47705.078125 0.6162109375 0.2490234375 158.69140625 21.4609375
93.759765625 24.150390625 47705.078125 0.6162109375 0.5986328125 312.98828125 21.4609375
93.759765625 24.150390625 47705.078125 0.6162109375 0.5986328125 158.69140625 20.8515625
93.759765625 24.150390625 47705.078125 0.6162109375 0.5986328125 158.69140625 21.4609375
26.962890625 60.888671875 430556.640625 0.3330078125 0.7490234375 62.98828125 8.8515625
48.759765625 60.888671875 430556.640625 0.3330078125 0.7490234375 62.98828125 8.8515625
26.962890625 69.150390625 430556.640625 0.3330078125 0.7490234375 62.98828125 8.8515625
26.962890625 60.888671875 542705.078125 0.3330078125 0.7490234375 62.98828125 8.8515625
26.962890625 60.888671875 430556.640625 0.1162109375 0.7490234375 62.98828125 8.8515625
26.962890625 60.888671875 430556.640625 0.3330078125 0.0986328125 62.98828125 8.8515625
26.962890625 60.888671875 430556.640625 0.3330078125 0.7490234375 408.69140625 8.8515625
26.962890625 60.888671875 430556.640625 0.3330078125 0.7490234375 62.98828125 9.4609375
26.962890625 69.150390625 542705.078125 0.1162109375 0.0986328125 408.69140625 9.4609375
48.759765625 60.888671875 542705.078125 0.1162109375 0.0986328125 408.69140625 9.4609375
48.759765625 69.150390625 430556.640625 0.1162109375 0.0986328125 408.69140625 9.4609375
48.759765625 69.150390625 542705.078125 0.3330078125 0.0986328125 408.69140625 9.4609375
48.759765625 69.150390625 542705.078125 0.1162109375 0.7490234375 408.69140625 9.4609375
48.759765625 69.150390625 542705.078125 0.1162109375 0.0986328125 62.98828125 9.4609375
48.759765625 69.150390625 542705.078125 0.1162109375 0.0986328125 408.69140625 8.8515625
48.759765625 69.150390625 542705.078125 0.1162109375 0.0986328125 408.69140625 9.4609375
21.337890625 44.013671875 987431.640625 0.0205078125 0.0615234375 31.73828125 13.3515625
31.884765625 44.013671875 987431.640625 0.0205078125 0.0615234375 31.73828125 13.3515625
21.337890625 97.275390625 987431.640625 0.0205078125 0.0615234375 31.73828125 13.3515625
21.337890625 44.013671875 233330.078125 0.0205078125 0.0615234375 31.73828125 13.3515625
21.337890625 44.013671875 987431.640625 0.0537109375 0.0615234375 31.73828125 13.3515625
21.337890625 44.013671875 987431.640625 0.0205078125 0.1611328125 31.73828125 13.3515625
21.337890625 44.013671875 987431.640625 0.0205078125 0.0615234375 252.44140625 13.3515625
21.337890625 44.013671875 987431.640625 0.0205078125 0.0615234375 31.73828125 19.9609375
21.337890625 97.275390625 233330.078125 0.0537109375 0.1611328125 252.44140625 19.9609375
31.884765625 44.013671875 233330.078125 0.0537109375 0.1611328125 252.44140625 19.9609375
31.884765625 97.275390625 987431.640625 0.0537109375 0.1611328125 252.44140625 19.9609375
31.884765625 97.275390625 233330.078125 0.0205078125 0.1611328125 252.44140625 19.9609375
31.884765625 97.275390625 233330.078125 0.0537109375 0.0615234375 252.44140625 19.9609375
31.884765625 97.275390625 233330.078125 0.0537109375 0.1611328125 31.73828125 19.9609375
31.884765625 97.275390625 233330.078125 0.0537109375 0.1611328125 252.44140625 13.3515625
31.884765625 97.275390625 233330.078125 0.0537109375 0.1611328125 252.44140625 19.9609375
66.337890625 89.013671875 492431.640625 0.5205078125 0.5615234375 281.73828125 1.3515625
76.884765625 89.013671875 492431.640625 0.5205078125 0.5615234375 281.73828125 1.3515625
66.337890625 52.275390625 492431.640625 0.5205078125 0.5615234375 281.73828125 1.3515625
66.337890625 89.013671875 728330.078125 0.5205078125 0.5615234375 281.73828125 1.3515625
66.337890625 89.013671875 492431.640625 0.5537109375 0.5615234375 281.73828125 1.3515625
66.337890625 89.013671875 492431.640625 0.5205078125 0.6611328125 281.73828125 1.3515625
66.337890625 89.013671875 492431.640625 0.5205078125 0.5615234375 2.44140625 1.3515625
66.337890625 89.013671875 492431.640625 0.5205078125 0.5615234375 281.73828125 7.9609375
66.337890625 52.275390625 728330.078125 0.5537109375 0.6611328125 2.44140625 7.9609375
76.884765625 89.013671875 728330.078125 0.5537109375 0.6611328125 2.44140625 7.9609375
76.884765625 52.275390625 492431.640625 0.5537109375 0.6611328125 2.44140625 7.9609375
76.884765625 52.275390625 728330.078125 0.5205078125 0.6611328125 2.44140625 7.9609375
76.884765625 52.275390625 728330.078125 0.5537109375 0.5615234375 2.44140625 7.9609375
76.884765625 52.275390625 728330.078125 0.5537109375 0.6611328125 281.73828125 7.9609375
76.884765625 52.275390625 728330.078125 0.5537109375 0.6611328125 2.44140625 1.3515625
76.884765625 52.275390625 728330.078125 0.5537109375 0.6611328125 2.44140625 7.9609375
88.837890625 21.513671875 739931.640625 0.2705078125 0.8115234375 406.73828125 19.3515625
99.384765625 21.513671875 739931.640625 0.2705078125 0.8115234375 406.73828125 19.3515625
88.837890625 29.775390625 739931.640625 0.2705078125 0.8115234375 406.73828125 19.3515625
88.837890625 21.513671875 975830.078125 0.2705078125 0.8115234375 406.73828125 19.3515625
88.837890625 21.513671875 739931.640625 0.8037109375 0.8115234375 406.73828125 19.3515625
88.837890625 21.513671875 739931.640625 0.2705078125 0.9111328125 406.73828125 19.3515625
88.837890625 21.513671875 739931.640625 0.2705078125 0.8115234375 377.44140625 19.3515625
88.837890625 21.513671875 739931.640625 0.2705078125 0.8115234375 406.73828125 13.9609375
88.837890625 29.775390625 975830.078125 0.8037109375 0.9111328125 377.44140625 13.9609375
99.384765625 21.513671875 975830.078125 0.8037109375 0.9111328125 377.44140625 13.9609375
99.384765625 29.775390625 739931.640625 0.8037109375 0.9111328125 377.44140625 13.9609375
99.384765625 29.775390625 975830.078125 0.2705078125 0.9111328125 377.44140625 13.9609375
99.384765625 29.775390625 975830.078125 0.8037109375 0.8115234375 377.44140625 13.9609375
99.384765625 29.775390625 975830.078125 0.8037109375 0.9111328125 406.73828125 13.9609375
99.384765625 29.775390625 975830.078125 0.8037109375 0.9111328125 377.44140625 19.3515625
99.384765625 29.775390625 975830.078125 0.8037109375 0.9111328125 377.44140625 13.9609375
43.837890625 66.513671875 244931.640625 0.7705078125 0.3115234375 156.73828125 7.3515625
54.384765625 66.513671875 244931.640625 0.7705078125 0.3115234375 156.73828125 7.3515625
43.837890625 74.775390625 244931.640625 0.7705078125 0.3115234375 156.73828125 7.3515625
43.837890625 66.513671875 480830.078125 0.7705078125 0.3115234375 156.73828125 7.3515625
43.837890625 66.513671875 244931.640625 0.3037109375 0.3115234375 156.73828125 7.3515625
43.837890625 66.513671875 244931.640625 0.7705078125 0.4111328125 156.73828125 7.3515625
43.837890625 66.513671875 244931.640625 0.7705078125 0.3115234375 127.44140625 7.3515625
43.837890625 66.513671875 244931.640625 0.7705078125 0.3115234375 156.73828125 1.9609375
43.837890625 74.775390625 480830.078125 0.3037109375 0.4111328125 127.44140625 1.9609375
54.384765625 66.513671875 480830.078125 0.3037109375 0.4111328125 127.44140625 1.9609375
54.384765625 74.775390625 244931.640625 0.3037109375 0.4111328125 127.44140625 1.9609375
54.384765625 74.775390625 480830.078125 0.7705078125 0.4111328125 127.44140625 1.9609375
54.384765625 74.775390625 480830.078125 0.3037109375 0.3115234375 127.44140625 1.9609375
54.384765625 74.775390625 480830.078125 0.3037109375 0.4111328125 156.73828125 1.9609375
54.384765625 74.775390625 480830.078125 0.3037109375 0.4111328125 127.44140625 7.3515625
54.384765625 74.775390625 480830.078125 0.3037109375 0.4111328125 127.44140625 1.9609375
32.587890625 10.263671875 368681.640625 0.8955078125 0.4365234375 94.23828125 22.3515625
88.134765625 10.263671875 368681.640625 0.8955078125 0.4365234375 94.23828125 22.3515625
32.587890625 18.525390625 368681.640625 0.8955078125 0.4365234375 94.23828125 22.3515625
32.587890625 10.263671875 604580.078125 0.8955078125 0.4365234375 94.23828125 22.3515625
32.587890625 10.263671875 368681.640625 0.9287109375 0.4365234375 94.23828125 22.3515625
32.587890625 10.263671875 368681.640625 0.8955078125 0.2861328125 94.23828125 22.3515625
32.587890625 10.263671875 368681.640625 0.8955078125 0.4365234375 439.94140625 22.3515625
32.587890625 10.263671875 368681.640625 0.8955078125 0.4365234375 94.23828125 10.9609375
32.587890625 18.525390625 604580.078125 0.9287109375 0.2861328125 439.94140625 10.9609375
88.134765625 10.263671875 604580.078125 0.9287109375 0.2861328125 439.94140625 10.9609375
88.134765625 18.525390625 368681.640625 0.9287109375 0.2861328125 439.94140625 10.9609375
88.134765625 18.525390625 604580.078125 0.8955078125 0.2861328125 439.94140625 10.9609375
88.134765625 18.525390625 604580.078125 0.9287109375 0.4365234375 439.94140625 10.9609375
88.134765625 18.525390625 604580.078125 0.9287109375 0.2861328125 94.23828125 10.9609375
88.134765625 18.525390625 604580.078125 0.9287109375 0.2861328125 439.94140625 22.3515625
88.134765625 18.525390625 604580.078125 0.9287109375 0.2861328125 439.94140625 10.9609375
77.587890625 55.263671875 863681.640625 0.3955078125 0.9365234375 344.23828125 10.3515625
43.134765625 55.263671875 863681.640625 0.3955078125 0.9365234375 344.23828125 10.3515625
77.587890625 63.525390625 863681.640625 0.3955078125 0.9365234375 344.23828125 10.3515625
77.587890625 55.263671875 109580.078125 0.3955078125 0.9365234375 344.23828125 10.3515625
77.587890625 55.263671875 863681.640625 0.4287109375 0.9365234375 344.23828125 10.3515625
77.587890625 55.263671875 863681.640625 0.3955078125 0.7861328125 344.23828125 10.3515625
77.587890625 55.263671875 863681.640625 0.3955078125 0.9365234375 189.94140625 10.3515625
77.587890625 55.263671875 863681.640625 0.3955078125 0.9365234375 344.23828125 22.9609375
77.587890625 63.525390625 109580.078125 0.4287109375 0.7861328125 189.94140625 22.9609375
43.134765625 55.263671875 109580.078125 0.4287109375 0.7861328125 189.94140625 22.9609375
43.134765625 63.525390625 863681.640625 0.4287109375 0.7861328125 189.94140625 22.9609375
43.134765625 63.525390625 109580.078125 0.3955078125 0.7861328125 189.94140625 22.9609375
43.134765625 63.525390625 109580.078125 0.4287109375 0.9365234375 189.94140625 22.9609375
43.134765625 63.525390625 109580.078125 0.4287109375 0.7861328125 344.23828125 22.9609375
43.134765625 63.525390625 109580.078125 0.4287109375 0.7861328125 189.94140625 10.3515625
43.134765625 63.525390625 109580.078125 0.4287109375 0.7861328125 189.94140625 22.9609375
55.087890625 32.763671875 121181.640625 0.6455078125 0.6865234375 469.23828125 16.3515625
20.634765625 32.763671875 121181.640625 0.6455078125 0.6865234375 469.23828125 16.3515625
55.087890625 86.025390625 121181.640625 0.6455078125 0.6865234375 469.23828125 16.3515625
55.087890625 32.763671875 357080.078125 0.6455078125 0.6865234375 469.23828125 16.3515625
55.087890625 32.763671875 121181.640625 0.1787109375 0.6865234375 469.23828125 16.3515625
55.087890625 32.763671875 121181.640625 0.6455078125 0.5361328125 469.23828125 16.3515625
55.087890625 32.763671875 121181.640625 0.6455078125 0.6865234375 314.94140625 16.3515625
55.087890625 32.763671875 121181.640625 0.6455078125 0.6865234375 469.23828125 4.9609375
55.087890625 86.025390625 357080.078125 0.1787109375 0.5361328125 314.94140625 4.9609375
20.634765625 32.763671875 357080.078125 0.1787109375 0.5361328125 314.94140625 4.9609375
20.634765625 86.025390625 121181.640625 0.1787109375 0.5361328125 314.94140625 4.9609375
20.634765625 86.025390625 357080.078125 0.6455078125 0.5361328125 314.94140625 4.9609375
20.634765625 86.025390625 357080.078125 0.1787109375 0.6865234375 314.94140625 4.9609375
20.634765625 86.025390625 357080.078125 0.1787109375 0.5361328125 469.23828125 4.9609375
20.634765625 86.025390625 357080.078125 0.1787109375 0.5361328125 314.94140625 16.3515625
20.634765625 86.025390625 357080.078125 0.1787109375 0.5361328125 314.94140625 4.9609375
10.087890625 77.763671875 616181.640625 0.1455078125 0.1865234375 219.23828125 4.3515625
65.634765625 77.763671875 616181.640625 0.1455078125 0.1865234375 219.23828125 4.3515625
10.087890625 41.025390625 616181.640625 0.1455078125 0.1865234375 219.23828125 4.3515625
10.087890625 77.763671875 852080.078125 0.1455078125 0.1865234375 219.23828125 4.3515625
10.087890625 77.763671875 616181.640625 0.6787109375 0.1865234375 219.23828125 4.3515625
10.087890625 77.763671875 616181.640625 0.1455078125 0.0361328125 219.23828125 4.3515625
10.087890625 77.763671875 616181.640625 0.1455078125 0.1865234375 64.94140625 4.3515625
10.087890625 77.763671875 616181.640625 0.1455078125 0.1865234375 219.23828125 16.9609375
10.087890625 41.025390625 852080.078125 0.6787109375 0.0361328125 64.94140625 16.9609375
65.634765625 77.763671875 852080.078125 0.6787109375 0.0361328125 64.94140625 16.9609375
65.634765625 41.025390625 616181.640625 0.6787109375 0.0361328125 64.94140625 16.9609375
65.634765625 41.025390625 852080.078125 0.1455078125 0.0361328125 64.94140625 16.9609375
65.634765625 41.025390625 852080.078125 0.6787109375 0.1865234375 64.94140625 16.9609375
65.634765625 41.025390625 852080.078125 0.6787109375 0.0361328125 219.23828125 16.9609375
65.634765625 41.025390625 852080.078125 0.6787109375 0.0361328125 64.94140625 4.3515625
65.634765625 41.025390625 852080.078125 0.6787109375 0.0361328125 64.94140625 16.9609375
10.1318359375 43.8818359375 453276.3671875 0.48681640625 0.55712890625 422.119140625 6.80078125
62.8662109375 43.8818359375 453276.3671875 0.48681640625 0.55712890625 422.119140625 6.80078125
10.1318359375 72.7099609375 453276.3671875 0.48681640625 0.55712890625 422.119140625 6.80078125
10.1318359375 43.8818359375 674672.8515625 0.48681640625 0.55712890625 422.119140625 6.80078125
10.1318359375 43.8818359375 453276.3671875 0.82177734375 0.55712890625 422.119140625 6.80078125
10.1318359375 43.8818359375 453276.3671875 0.48681640625 0.92138671875 422.119140625 6.80078125
10.1318359375 43.8818359375 453276.3671875 0.48681640625 0.55712890625 353.271484375 6.80078125
10.1318359375 43.8818359375 453276.3671875 0.48681640625 0.55712890625 422.119140625 9.12109375
10.1318359375 72.7099609375 674672.8515625 0.82177734375 0.92138671875 353.271484375 9.12109375
62.8662109375 43.8818359375 674672.8515625 0.82177734375 0.92138671875 353.271484375 9.12109375
62.8662109375 72.7099609375 453276.3671875 0.82177734375 0.92138671875 353.271484375 9.12109375
62.8662109375 72.7099609375 674672.8515625 0.48681640625 0.92138671875 353.271484375 9.12109375
62.8662109375 72.7099609375 674672.8515625 0.82177734375 0.55712890625 353.271484375 9.12109375
62.8662109375 72.7099609375 674672.8515625 0.82177734375 0.92138671875 422.119140625 9.12109375
62.8662109375 72.7099609375 674672.8515625 0.82177734375 0.92138671875 353.271484375 6.80078125
62.8662109375 72.7099609375 674672.8515625 0.82177734375 0.92138671875 353.271484375 9.12109375
55.1318359375 88.8818359375 948276.3671875 0.98681640625 0.05712890625 172.119140625 18.80078125
17.8662109375 88.8818359375 948276.3671875 0.98681640625 0.05712890625 172.119140625 18.80078125
55.1318359375 27.7099609375 948276.3671875 0.98681640625 0.05712890625 172.119140625 18.80078125
55.1318359375 88.8818359375 179672.8515625 0.98681640625 0.05712890625 172.119140625 18.80078125
55.1318359375 88.8818359375 948276.3671875 0.32177734375 0.05712890625 172.119140625 18.80078125
55.1318359375 88.8818359375 948276.3671875 0.98681640625 0.42138671875 172.119140625 18.80078125
55.1318359375 88.8818359375 948276.3671875 0.98681640625 0.05712890625 103.271484375 18.80078125
55.1318359375 88.8818359375 948276.3671875 0.98681640625 0.05712890625 172.119140625 21.12109375
55.1318359375 27.7099609375 179672.8515625 0.32177734375 0.42138671875 103.271484375 21.12109375
17.8662109375 88.8818359375 179672.8515625 0.32177734375 0.42138671875 103.271484375 21.12109375
17.8662109375 27.7099609375 948276.3671875 0.32177734375 0.42138671875 103.271484375 21.12109375
17.8662109375 27.7099609375 179672.8515625 0.98681640625 0.42138671875 103.271484375 21.12109375
17.8662109375 27.7099609375 179672.8515625 0.32177734375 0.05712890625 103.271484375 21.12109375
17.8662109375 27.7099609375 179672.8515625 0.32177734375 0.42138671875 172.119140625 21.12109375
17.8662109375 27.7099609375 179672.8515625 0.32177734375 0.42138671875 103.271484375 18.80078125
17.8662109375 27.7099609375 179672.8515625 0.32177734375 0.42138671875 103.271484375 21.12109375
77.6318359375 21.3818359375 205776.3671875 0.23681640625 0.30712890625 47.119140625 12.80078125
40.3662109375 21.3818359375 205776.3671875 0.23681640625 0.30712890625 47.119140625 12.80078125
77.6318359375 50.2099609375 205776.3671875 0.23681640625 0.30712890625 47.119140625 12.80078125
77.6318359375 21.3818359375 427172.8515625 0.23681640625 0.30712890625 47.119140625 12.80078125
77.6318359375 21.3818359375 205776.3671875 0.07177734375 0.30712890625 47.119140625 12.80078125
77.6318359375 21.3818359375 205776.3671875 0.23681640625 0.17138671875 47.119140625 12.80078125
77.6318359375 21.3818359375 205776.3671875 0.23681640625 0.30712890625 478.271484375 12.80078125
77.6318359375 21.3818359375 205776.3671875 0.23681640625 0.30712890625 47.119140625 3.12109375
77.6318359375 50.2099609375 427172.8515625 0.07177734375 0.17138671875 478.271484375 3.12109375
40.3662109375 21.3818359375 427172.8515625 0.07177734375 0.17138671875 478.271484375 3.12109375
40.3662109375 50.2099609375 205776.3671875 0.07177734375 0.17138671875 478.271484375 3.12109375
40.3662109375 50.2099609375 427172.8515625 0.23681640625 0.17138671875 478.271484375 3.12109375
40.3662109375 50.2099609375 427172.8515625 0.07177734375 0.30712890625 478.271484375 3.12109375
40.3662109375 50.2099609375 427172.8515625 0.07177734375 0.17138671875 47.119140625 3.12109375
40.3662109375 50.2099609375 427172.8515625 0.07177734375 0.17138671875 478.271484375 12.80078125
40.3662109375 50.2099609375 427172.8515625 0.07177734375 0.17138671875 478.271484375 3.12109375
32.6318359375 66.3818359375 700776.3671875 0.73681640625 0.80712890625 297.119140625 24.80078125
85.3662109375 66.3818359375 700776.3671875 0.73681640625 0.80712890625 297.119140625 24.80078125
32.6318359375 95.2099609375 700776.3671875 0.73681640625 0.80712890625 297.119140625 24.80078125
32.6318359375 66.3818359375 922172.8515625 0.73681640625 0.80712890625 297.119140625 24.80078125
32.6318359375 66.3818359375 700776.3671875 0.57177734375 0.80712890625 297.119140625 24.80078125
32.6318359375 66.3818359375 700776.3671875 0.73681640625 0.67138671875 297.119140625 24.80078125
32.6318359375 66.3818359375 700776.3671875 0.73681640625 0.80712890625 228.271484375 24.80078125
32.6318359375 66.3818359375 700776.3671875 0.73681640625 0.80712890625 297.119140625 15.12109375
32.6318359375 95.2099609375 922172.8515625 0.57177734375 0.67138671875 228.271484375 15.12109375
85.3662109375 66.3818359375 922172.8515625 0.57177734375 0.67138671875 228.271484375 15.12109375
85.3662109375 95.2099609375 700776.3671875 0.57177734375 0.67138671875 228.271484375 15.12109375
85.3662109375 95.2099609375 922172.8515625 0.73681640625 0.67138671875 228.271484375 15.12109375
85.3662109375 95.2099609375 922172.8515625 0.57177734375 0.80712890625 228.271484375 15.12109375
85.3662109375 95.2099609375 922172.8515625 0.57177734375 0.67138671875 297.119140625 15.12109375
85.3662109375 95.2099609375 922172.8515625 0.57177734375 0.67138671875 228.271484375 24.80078125
85.3662109375 95.2099609375 922172.8515625 0.57177734375 0.67138671875 228.271484375 15.12109375
43.8818359375 10.1318359375 824526.3671875 0.61181640625 0.93212890625 484.619140625 9.80078125
51.6162109375 10.1318359375 824526.3671875 0.61181640625 0.93212890625 484.619140625 9.80078125
43.8818359375 38.9599609375 824526.3671875 0.61181640625 0.93212890625 484.619140625 9.80078125
43.8818359375 10.1318359375 55922.8515625 0.61181640625 0.93212890625 484.619140625 9.80078125
43.8818359375 10.1318359375 824526.3671875 0.19677734375 0.93212890625 484.619140625 9.80078125
43.8818359375 10.1318359375 824526.3671875 0.61181640625 0.54638671875 484.619140625 9.80078125
43.8818359375 10.1318359375 824526.3671875 0.61181640625 0.93212890625 415.771484375 9.80078125
43.8818359375 10.1318359375 824526.3671875 0.61181640625 0.93212890625 484.619140625 24.12109375
43.8818359375 38.9599609375 55922.8515625 0.19677734375 0.54638671875 415.771484375 24.12109375
51.6162109375 10.1318359375 55922.8515625 0.19677734375 0.54638671875 415.771484375 24.12109375
51.6162109375 38.9599609375 824526.3671875 0.19677734375 0.54638671875 415.771484375 24.12109375
51.6162109375 38.9599609375 55922.8515625 0.61181640625 0.54638671875 415.771484375 24.12109375
51.6162109375 38.9599609375 55922.8515625 0.19677734375 0.93212890625 415.771484375 24.12109375
51.6162109375 38.9599609375 55922.8515625 0.19677734375 0.54638671875 484.619140625 24.12109375
51.6162109375 38.9599609375 55922.8515625 0.19677734375 0.54638671875 415.771484375 9.80078125
51.6162109375 38.9599609375 55922.8515625 0.19677734375 0.54638671875 415.771484375 24.12109375
88.8818359375 55.1318359375 329526.3671875 0.11181640625 0.43212890625 234.619140625 21.80078125
96.6162109375 55.1318359375 329526.3671875 0.11181640625 0.43212890625 234.619140625 21.80078125
88.8818359375 83.9599609375 329526.3671875 0.11181640625 0.43212890625 234.619140625 21.80078125
88.8818359375 55.1318359375 550922.8515625 0.11181640625 0.43212890625 234.619140625 21.80078125
88.8818359375 55.1318359375 329526.3671875 0.69677734375 0.43212890625 234.619140625 21.80078125
88.8818359375 55.1318359375 329526.3671875 0.11181640625 0.04638671875 234.619140625 21.80078125
88.8818359375 55.1318359375 329526.3671875 0.11181640625 0.43212890625 165.771484375 21.80078125
88.8818359375 55.1318359375 329526.3671875 0.11181640625 0.43212890625 234.619140625 12.12109375
88.8818359375 83.9599609375 550922.8515625 0.69677734375 0.04638671875 165.771484375 12.12109375
96.6162109375 55.1318359375 550922.8515625 0.69677734375 0.04638671875 165.771484375 12.12109375
96.6162109375 83.9599609375 329526.3671875 0.69677734375 0.04638671875 165.771484375 12.12109375
96.6162109375 83.9599609375 550922.8515625 0.11181640625 0.04638671875 165.771484375 12.12109375
96.6162109375 83.9599609375 550922.8515625 0.69677734375 0.43212890625 165.771484375 12.12109375
96.6162109375 83.9599609375 550922.8515625 0.69677734375 0.04638671875 234.619140625 12.12109375
96.6162109375 83.9599609375 550922.8515625 0.69677734375 0.04638671875 165.771484375 21.80078125
96.6162109375 83.9599609375 550922.8515625 0.69677734375 0.04638671875 165.771484375 12.12109375
66.3818359375 32.6318359375 577026.3671875 0.86181640625 0.18212890625 109.619140625 3.80078125
74.1162109375 32.6318359375 577026.3671875 0.86181640625 0.18212890625 109.619140625 3.80078125
66.3818359375 61.4599609375 577026.3671875 0.86181640625 0.18212890625 109.619140625 3.80078125
66.3818359375 32.6318359375 798422.8515625 0.86181640625 0.18212890625 109.619140625 3.80078125
66.3818359375 32.6318359375 577026.3671875 0.94677734375 0.18212890625 109.619140625 3.80078125
66.3818359375 32.6318359375 577026.3671875 0.86181640625 0.29638671875 109.619140625 3.80078125
66.3818359375 32.6318359375 577026.3671875 0.86181640625 0.18212890625 290.771484375 3.80078125
66.3818359375 32.6318359375 577026.3671875 0.86181640625 0.18212890625 109.619140625 18.12109375
66.3818359375 61.4599609375 798422.8515625 0.94677734375 0.29638671875 290.771484375 18.12109375
74.1162109375 32.6318359375 798422.8515625 0.94677734375 0.29638671875 290.771484375 18.12109375
74.1162109375 61.4599609375 577026.3671875 0.94677734375 0.29638671875 290.771484375 18.12109375
74.1162109375 61.4599609375 798422.8515625 0.86181640625 0.29638671875 290.771484375 18.12109375
74.1162109375 61.4599609375 798422.8515625 0.94677734375 0.18212890625 290.771484375 18.12109375
74.1162109375 61.4599609375 798422.8515625 0.94677734375 0.29638671875 109.619140625 18.12109375
74.1162109375 61.4599609375 798422.8515625 0.94677734375 0.29638671875 290.771484375 3.80078125
74.1162109375 61.4599609375 798422.8515625 0.94677734375 0.29638671875 290.771484375 18.12109375
21.3818359375 77.6318359375 82026.3671875 0.36181640625 0.68212890625 359.619140625 15.80078125
29.1162109375 77.6318359375 82026.3671875 0.36181640625 0.68212890625 359.619140625 15.80078125
21.3818359375 16.4599609375 82026.3671875 0.36181640625 0.68212890625 359.619140625 15.80078125
21.3818359375 77.6318359375 303422.8515625 0.36181640625 0.68212890625 359.619140625 15.80078125
21.3818359375 77.6318359375 82026.3671875 0.44677734375 0.68212890625 359.619140625 15.80078125
21.3818359375 77.6318359375 82026.3671875 0.36181640625 0.79638671875 359.619140625 15.80078125
21.3818359375 77.6318359375 82026.3671875 0.36181640625 0.68212890625 40.771484375 15.80078125
21.3818359375 77.6318359375 82026.3671875 0.36181640625 0.68212890625 359.619140625 6.12109375
21.3818359375 16.4599609375 303422.8515625 0.44677734375 0.79638671875 40.771484375 6.12109375
29.1162109375 77.6318359375 303422.8515625 0.44677734375 0.79638671875 40.771484375 6.12109375
29.1162109375 16.4599609375 82026.3671875 0.44677734375 0.79638671875 40.771484375 6.12109375
29.1162109375 16.4599609375 303422.8515625 0.36181640625 0.79638671875 40.771484375 6.12109375
29.1162109375 16.4599609375 303422.8515625 0.44677734375 0.68212890625 40.771484375 6.12109375
29.1162109375 16.4599609375 303422.8515625 0.44677734375 0.79638671875 359.619140625 6.12109375
29.1162109375 16.4599609375 303422.8515625 0.44677734375 0.79638671875 40.771484375 15.80078125
29.1162109375 16.4599609375 303422.8515625 0.44677734375 0.79638671875 40.771484375 6.12109375
27.0068359375 27.0068359375 515151.3671875 0.04931640625 0.11962890625 265.869140625 8.30078125
45.9912109375 27.0068359375 515151.3671875 0.04931640625 0.11962890625 265.869140625 8.30078125
27.0068359375 33.3349609375 515151.3671875 0.04931640625 0.11962890625 265.869140625 8.30078125
27.0068359375 27.0068359375 984047.8515625 0.04931640625 0.11962890625 265.869140625 8.30078125
27.0068359375 27.0068359375 515151.3671875 0.38427734375 0.11962890625 265.869140625 8.30078125
27.0068359375 27.0068359375 515151.3671875 0.04931640625 0.98388671875 265.869140625 8.30078125
27.0068359375 27.0068359375 515151.3671875 0.04931640625 0.11962890625 134.521484375 8.30078125
27.0068359375 27.0068359375 515151.3671875 0.04931640625 0.11962890625 265.869140625 16.62109375
27.0068359375 33.3349609375 984047.8515625 0.38427734375 0.98388671875 134.521484375 16.62109375
45.9912109375 27.0068359375 984047.8515625 0.38427734375 0.98388671875 134.521484375 16.62109375
45.9912109375 33.3349609375 515151.3671875 0.38427734375 0.98388671875 134.521484375 16.62109375
45.9912109375 33.3349609375 984047.8515625 0.04931640625 0.98388671875 134.521484375 16.62109375
45.9912109375 33.3349609375 984047.8515625 0.38427734375 0.11962890625 134.521484375 16.62109375
45.9912109375 33.3349609375 984047.8515625 0.38427734375 0.98388671875 265.869140625 16.62109375
45.9912109375 33.3349609375 984047.8515625 0.38427734375 0.98388671875 134.521484375 8.30078125
45.9912109375 33.3349609375 984047.8515625 0.38427734375 0.98388671875 134.521484375 16.62109375
72.0068359375 72.0068359375 20151.3671875 0.54931640625 0.61962890625 15.869140625 20.30078125
90.9912109375 72.0068359375 20151.3671875 0.54931640625 0.61962890625 15.869140625 20.30078125
72.0068359375 78.3349609375 20151.3671875 0.54931640625 0.61962890625 15.869140625 20.30078125
72.0068359375 72.0068359375 489047.8515625 0.54931640625 0.61962890625 15.869140625 20.30078125
72.0068359375 72.0068359375 20151.3671875 0.88427734375 0.61962890625 15.869140625 20.30078125
72.0068359375 72.0068359375 20151.3671875 0.54931640625 0.48388671875 15.869140625 20.30078125
72.0068359375 72.0068359375 20151.3671875 0.54931640625 0.61962890625 384.521484375 20.30078125
72.0068359375 72.0068359375 20151.3671875 0.54931640625 0.61962890625 15.869140625 4.62109375
72.0068359375 78.3349609375 489047.8515625 0.88427734375 0.48388671875 384.521484375 4.62109375
90.9912109375 72.0068359375 489047.8515625 0.88427734375 0.48388671875 384.521484375 4.62109375
90.9912109375 78.3349609375 20151.3671875 0.88427734375 0.48388671875 384.521484375 4.62109375
90.9912109375 78.3349609375 489047.8515625 0.54931640625 0.48388671875 384.521484375 4.62109375
90.9912109375 78.3349609375 489047.8515625 0.88427734375 0.61962890625 384.521484375 4.62109375
90.9912109375 78.3349609375 489047.8515625 0.88427734375 0.48388671875 15.869140625 4.62109375
90.9912109375 78.3349609375 489047.8515625 0.88427734375 0.48388671875 384.521484375 20.30078125
90.9912109375 78.3349609375 489047.8515625 0.88427734375 0.48388671875 384.521484375 4.62109375
94.5068359375 49.5068359375 762651.3671875 0.29931640625 0.86962890625 140.869140625 2.30078125
68.4912109375 49.5068359375 762651.3671875 0.29931640625 0.86962890625 140.869140625 2.30078125
94.5068359375 55.8349609375 762651.3671875 0.29931640625 0.86962890625 140.869140625 2.30078125
94.5068359375 49.5068359375 241547.8515625 0.29931640625 0.86962890625 140.869140625 2.30078125
94.5068359375 49.5068359375 762651.3671875 0.63427734375 0.86962890625 140.869140625 2.30078125
94.5068359375 49.5068359375 762651.3671875 0.29931640625 0.23388671875 140.869140625 2.30078125
94.5068359375 49.5068359375 762651.3671875 0.29931640625 0.86962890625 9.521484375 2.30078125
94.5068359375 49.5068359375 762651.3671875 0.29931640625 0.86962890625 140.869140625 22.62109375
94.5068359375 55.8349609375 241547.8515625 0.63427734375 0.23388671875 9.521484375 22.62109375
68.4912109375 49.5068359375 241547.8515625 0.63427734375 0.23388671875 9.521484375 22.62109375
68.4912109375 55.8349609375 762651.3671875 0.63427734375 0.23388671875 9.521484375 22.62109375
68.4912109375 55.8349609375 241547.8515625 0.29931640625 0.23388671875 9.521484375 22.62109375
68.4912109375 55.8349609375 241547.8515625 0.63427734375 0.86962890625 9.521484375 22.62109375
68.4912109375 55.8349609375 241547.8515625 0.63427734375 0.23388671875 140.869140625 22.62109375
68.4912109375 55.8349609375 241547.8515625 0.63427734375 0.23388671875 9.521484375 2.30078125
68.4912109375 55.8349609375 241547.8515625 0.63427734375 0.23388671875 9.521484375 22.62109375
