29.775390625 18.701171875 523369.140625 0.6767578125 140.13671875 0.9072265625 22.94921875
90.947265625 18.701171875 523369.140625 0.6767578125 140.13671875 0.9072265625 22.94921875
29.775390625 55.087890625 523369.140625 0.6767578125 140.13671875 0.9072265625 22.94921875
29.775390625 18.701171875 78642.578125 0.6767578125 140.13671875 0.9072265625 22.94921875
29.775390625 18.701171875 523369.140625 0.0849609375 140.13671875 0.9072265625 22.94921875
29.775390625 18.701171875 523369.140625 0.6767578125 127.44140625 0.9072265625 22.94921875
29.775390625 18.701171875 523369.140625 0.6767578125 140.13671875 0.1611328125 22.94921875
29.775390625 18.701171875 523369.140625 0.6767578125 140.13671875 0.9072265625 191.89453125
29.775390625 55.087890625 78642.578125 0.0849609375 127.44140625 0.1611328125 191.89453125
90.947265625 18.701171875 78642.578125 0.0849609375 127.44140625 0.1611328125 191.89453125
90.947265625 55.087890625 523369.140625 0.0849609375 127.44140625 0.1611328125 191.89453125
90.947265625 55.087890625 78642.578125 0.6767578125 127.44140625 0.1611328125 191.89453125
90.947265625 55.087890625 78642.578125 0.0849609375 140.13671875 0.1611328125 191.89453125
90.947265625 55.087890625 78642.578125 0.0849609375 127.44140625 0.9072265625 191.89453125
90.947265625 55.087890625 78642.578125 0.0849609375 127.44140625 0.1611328125 22.94921875
90.947265625 55.087890625 78642.578125 0.0849609375 127.44140625 0.1611328125 191.89453125
74.775390625 63.701171875 28369.140625 0.1767578125 390.13671875 0.4072265625 272.94921875
45.947265625 63.701171875 28369.140625 0.1767578125 390.13671875 0.4072265625 272.94921875
74.775390625 10.087890625 28369.140625 0.1767578125 390.13671875 0.4072265625 272.94921875
74.775390625 63.701171875 573642.578125 0.1767578125 390.13671875 0.4072265625 272.94921875
74.775390625 63.701171875 28369.140625 0.5849609375 390.13671875 0.4072265625 272.94921875
74.775390625 63.701171875 28369.140625 0.1767578125 377.44140625 0.4072265625 272.94921875
74.775390625 63.701171875 28369.140625 0.1767578125 390.13671875 0.6611328125 272.94921875
74.775390625 63.701171875 28369.140625 0.1767578125 390.13671875 0.4072265625 441.89453125
74.775390625 10.087890625 573642.578125 0.5849609375 377.44140625 0.6611328125 441.89453125
45.947265625 63.701171875 573642.578125 0.5849609375 377.44140625 0.6611328125 441.89453125
45.947265625 10.087890625 28369.140625 0.5849609375 377.44140625 0.6611328125 441.89453125
45.947265625 10.087890625 573642.578125 0.1767578125 377.44140625 0.6611328125 441.89453125
45.947265625 10.087890625 573642.578125 0.5849609375 390.13671875 0.6611328125 441.89453125
45.947265625 10.087890625 573642.578125 0.5849609375 377.44140625 0.4072265625 441.89453125
45.947265625 10.087890625 573642.578125 0.5849609375 377.44140625 0.6611328125 272.94921875
45.947265625 10.087890625 573642.578125 0.5849609375 377.44140625 0.6611328125 441.89453125
97.275390625 41.201171875 770869.140625 0.9267578125 265.13671875 0.1572265625 147.94921875
23.447265625 41.201171875 770869.140625 0.9267578125 265.13671875 0.1572265625 147.94921875
97.275390625 32.587890625 770869.140625 0.9267578125 265.13671875 0.1572265625 147.94921875
97.275390625 41.201171875 821142.578125 0.9267578125 265.13671875 0.1572265625 147.94921875
97.275390625 41.201171875 770869.140625 0.8349609375 265.13671875 0.1572265625 147.94921875
97.275390625 41.201171875 770869.140625 0.9267578125 252.44140625 0.1572265625 147.94921875
97.275390625 41.201171875 770869.140625 0.9267578125 265.13671875 0.4111328125 147.94921875
97.275390625 41.201171875 770869.140625 0.9267578125 265.13671875 0.1572265625 66.89453125
97.275390625 32.587890625 821142.578125 0.8349609375 252.44140625 0.4111328125 66.89453125
23.447265625 41.201171875 821142.578125 0.8349609375 252.44140625 0.4111328125 66.89453125
23.447265625 32.587890625 770869.140625 0.8349609375 252.44140625 0.4111328125 66.89453125
23.447265625 32.587890625 821142.578125 0.9267578125 252.44140625 0.4111328125 66.89453125
23.447265625 32.587890625 821142.578125 0.8349609375 265.13671875 0.4111328125 66.89453125
23.447265625 32.587890625 821142.578125 0.8349609375 252.44140625 0.1572265625 66.89453125
23.447265625 32.587890625 821142.578125 0.8349609375 252.44140625 0.4111328125 147.94921875
23.447265625 32.587890625 821142.578125 0.8349609375 252.44140625 0.4111328125 66.89453125
52.275390625 86.201171875 275869.140625 0.4267578125 15.13671875 0.6572265625 397.94921875
68.447265625 86.201171875 275869.140625 0.4267578125 15.13671875 0.6572265625 397.94921875
52.275390625 77.587890625 275869.140625 0.4267578125 15.13671875 0.6572265625 397.94921875
52.275390625 86.201171875 326142.578125 0.4267578125 15.13671875 0.6572265625 397.94921875
52.275390625 86.201171875 275869.140625 0.3349609375 15.13671875 0.6572265625 397.94921875
52.275390625 86.201171875 275869.140625 0.4267578125 2.44140625 0.6572265625 397.94921875
52.275390625 86.201171875 275869.140625 0.4267578125 15.13671875 0.9111328125 397.94921875
52.275390625 86.201171875 275869.140625 0.4267578125 15.13671875 0.6572265625 316.89453125
52.275390625 77.587890625 326142.578125 0.3349609375 2.44140625 0.9111328125 316.89453125
68.447265625 86.201171875 326142.578125 0.3349609375 2.44140625 0.9111328125 316.89453125
68.447265625 77.587890625 275869.140625 0.3349609375 2.44140625 0.9111328125 316.89453125
68.447265625 77.587890625 326142.578125 0.4267578125 2.44140625 0.9111328125 316.89453125
68.447265625 77.587890625 326142.578125 0.3349609375 15.13671875 0.9111328125 316.89453125
68.447265625 77.587890625 326142.578125 0.3349609375 2.44140625 0.6572265625 316.89453125
68.447265625 77.587890625 326142.578125 0.3349609375 2.44140625 0.9111328125 397.94921875
68.447265625 77.587890625 326142.578125 0.3349609375 2.44140625 0.9111328125 316.89453125
41.025390625 52.451171875 152119.140625 0.3017578125 77.63671875 0.7822265625 210.44921875
12.197265625 52.451171875 152119.140625 0.3017578125 77.63671875 0.7822265625 210.44921875
41.025390625 43.837890625 152119.140625 0.3017578125 77.63671875 0.7822265625 210.44921875
41.025390625 52.451171875 697392.578125 0.3017578125 77.63671875 0.7822265625 210.44921875
41.025390625 52.451171875 152119.140625 0.9599609375 77.63671875 0.7822265625 210.44921875
41.025390625 52.451171875 152119.140625 0.3017578125 64.94140625 0.7822265625 210.44921875
41.025390625 52.451171875 152119.140625 0.3017578125 77.63671875 0.2861328125 210.44921875
41.025390625 52.451171875 152119.140625 0.3017578125 77.63671875 0.7822265625 379.39453125
41.025390625 43.837890625 697392.578125 0.9599609375 64.94140625 0.2861328125 379.39453125
12.197265625 52.451171875 697392.578125 0.9599609375 64.94140625 0.2861328125 379.39453125
12.197265625 43.837890625 152119.140625 0.9599609375 64.94140625 0.2861328125 379.39453125
12.197265625 43.837890625 697392.578125 0.3017578125 64.94140625 0.2861328125 379.39453125
12.197265625 43.837890625 697392.578125 0.9599609375 77.63671875 0.2861328125 379.39453125
12.197265625 43.837890625 697392.578125 0.9599609375 64.94140625 0.7822265625 379.39453125
12.197265625 43.837890625 697392.578125 0.9599609375 64.94140625 0.2861328125 210.44921875
12.197265625 43.837890625 697392.578125 0.9599609375 64.94140625 0.2861328125 379.39453125
86.025390625 97.451171875 647119.140625 0.8017578125 327.63671875 0.2822265625 460.44921875
57.197265625 97.451171875 647119.140625 0.8017578125 327.63671875 0.2822265625 460.44921875
86.025390625 88.837890625 647119.140625 0.8017578125 327.63671875 0.2822265625 460.44921875
86.025390625 97.451171875 202392.578125 0.8017578125 327.63671875 0.2822265625 460.44921875
86.025390625 97.451171875 647119.140625 0.4599609375 327.63671875 0.2822265625 460.44921875
86.025390625 97.451171875 647119.140625 0.8017578125 314.94140625 0.2822265625 460.44921875
86.025390625 97.451171875 647119.140625 0.8017578125 327.63671875 0.7861328125 460.44921875
86.025390625 97.451171875 647119.140625 0.8017578125 327.63671875 0.2822265625 129.39453125
86.025390625 88.837890625 202392.578125 0.4599609375 314.94140625 0.7861328125 129.39453125
57.197265625 97.451171875 202392.578125 0.4599609375 314.94140625 0.7861328125 129.39453125
57.197265625 88.837890625 647119.140625 0.4599609375 314.94140625 0.7861328125 129.39453125
57.197265625 88.837890625 202392.578125 0.8017578125 314.94140625 0.7861328125 129.39453125
57.197265625 88.837890625 202392.578125 0.4599609375 327.63671875 0.7861328125 129.39453125
57.197265625 88.837890625 202392.578125 0.4599609375 314.94140625 0.2822265625 129.39453125
57.197265625 88.837890625 202392.578125 0.4599609375 314.94140625 0.7861328125 460.44921875
57.197265625 88.837890625 202392.578125 0.4599609375 314.94140625 0.7861328125 129.39453125
63.525390625 29.951171875 399619.140625 0.0517578125 452.63671875 0.0322265625 85.44921875
79.697265625 29.951171875 399619.140625 0.0517578125 452.63671875 0.0322265625 85.44921875
63.525390625 66.337890625 399619.140625 0.0517578125 452.63671875 0.0322265625 85.44921875
63.525390625 29.951171875 449892.578125 0.0517578125 452.63671875 0.0322265625 85.44921875
63.525390625 29.951171875 399619.140625 0.2099609375 452.63671875 0.0322265625 85.44921875
63.525390625 29.951171875 399619.140625 0.0517578125 439.94140625 0.0322265625 85.44921875
63.525390625 29.951171875 399619.140625 0.0517578125 452.63671875 0.0361328125 85.44921875
63.525390625 29.951171875 399619.140625 0.0517578125 452.63671875 0.0322265625 254.39453125
63.525390625 66.337890625 449892.578125 0.2099609375 439.94140625 0.0361328125 254.39453125
79.697265625 29.951171875 449892.578125 0.2099609375 439.94140625 0.0361328125 254.39453125
79.697265625 66.337890625 399619.140625 0.2099609375 439.94140625 0.0361328125 254.39453125
79.697265625 66.337890625 449892.578125 0.0517578125 439.94140625 0.0361328125 254.39453125
79.697265625 66.337890625 449892.578125 0.2099609375 452.63671875 0.0361328125 254.39453125
79.697265625 66.337890625 449892.578125 0.2099609375 439.94140625 0.0322265625 254.39453125
79.697265625 66.337890625 449892.578125 0.2099609375 439.94140625 0.0361328125 85.44921875
79.697265625 66.337890625 449892.578125 0.2099609375 439.94140625 0.0361328125 254.39453125
18.525390625 74.951171875 894619.140625 0.5517578125 202.63671875 0.5322265625 335.44921875
34.697265625 74.951171875 894619.140625 0.5517578125 202.63671875 0.5322265625 335.44921875
18.525390625 21.337890625 894619.140625 0.5517578125 202.63671875 0.5322265625 335.44921875
18.525390625 74.951171875 944892.578125 0.5517578125 202.63671875 0.5322265625 335.44921875
18.525390625 74.951171875 894619.140625 0.7099609375 202.63671875 0.5322265625 335.44921875
18.525390625 74.951171875 894619.140625 0.5517578125 189.94140625 0.5322265625 335.44921875
18.525390625 74.951171875 894619.140625 0.5517578125 202.63671875 0.5361328125 335.44921875
18.525390625 74.951171875 894619.140625 0.5517578125 202.63671875 0.5322265625 4.39453125
18.525390625 21.337890625 944892.578125 0.7099609375 189.94140625 0.5361328125 4.39453125
34.697265625 74.951171875 944892.578125 0.7099609375 189.94140625 0.5361328125 4.39453125
34.697265625 21.337890625 894619.140625 0.7099609375 189.94140625 0.5361328125 4.39453125
34.697265625 21.337890625 944892.578125 0.5517578125 189.94140625 0.5361328125 4.39453125
34.697265625 21.337890625 944892.578125 0.7099609375 202.63671875 0.5361328125 4.39453125
34.697265625 21.337890625 944892.578125 0.7099609375 189.94140625 0.5322265625 4.39453125
34.697265625 21.337890625 944892.578125 0.7099609375 189.94140625 0.5361328125 335.44921875
34.697265625 21.337890625 944892.578125 0.7099609375 189.94140625 0.5361328125 4.39453125
15.712890625 27.138671875 59306.640625 0.4580078125 312.01171875 0.2509765625 476.07421875
82.509765625 27.138671875 59306.640625 0.4580078125 312.01171875 0.2509765625 476.07421875
15.712890625 12.900390625 59306.640625 0.4580078125 312.01171875 0.2509765625 476.07421875
15.712890625 27.138671875 418955.078125 0.4580078125 312.01171875 0.2509765625 476.07421875
15.712890625 27.138671875 59306.640625 0.7412109375 312.01171875 0.2509765625 476.07421875
15.712890625 27.138671875 59306.640625 0.4580078125 111.81640625 0.2509765625 476.07421875
15.712890625 27.138671875 59306.640625 0.4580078125 312.01171875 0.4423828125 476.07421875
15.712890625 27.138671875 59306.640625 0.4580078125 312.01171875 0.2509765625 113.76953125
15.712890625 12.900390625 418955.078125 0.7412109375 111.81640625 0.4423828125 113.76953125
82.509765625 27.138671875 418955.078125 0.7412109375 111.81640625 0.4423828125 113.76953125
82.509765625 12.900390625 59306.640625 0.7412109375 111.81640625 0.4423828125 113.76953125
82.509765625 12.900390625 418955.078125 0.4580078125 111.81640625 0.4423828125 113.76953125
82.509765625 12.900390625 418955.078125 0.7412109375 312.01171875 0.4423828125 113.76953125
82.509765625 12.900390625 418955.078125 0.7412109375 111.81640625 0.2509765625 113.76953125
82.509765625 12.900390625 418955.078125 0.7412109375 111.81640625 0.4423828125 476.07421875
82.509765625 12.900390625 418955.078125 0.7412109375 111.81640625 0.4423828125 113.76953125
60.712890625 72.138671875 554306.640625 0.9580078125 62.01171875 0.7509765625 226.07421875
37.509765625 72.138671875 554306.640625 0.9580078125 62.01171875 0.7509765625 226.07421875
60.712890625 57.900390625 554306.640625 0.9580078125 62.01171875 0.7509765625 226.07421875
60.712890625 72.138671875 913955.078125 0.9580078125 62.01171875 0.7509765625 226.07421875
60.712890625 72.138671875 554306.640625 0.2412109375 62.01171875 0.7509765625 226.07421875
60.712890625 72.138671875 554306.640625 0.9580078125 361.81640625 0.7509765625 226.07421875
60.712890625 72.138671875 554306.640625 0.9580078125 62.01171875 0.9423828125 226.07421875
60.712890625 72.138671875 554306.640625 0.9580078125 62.01171875 0.7509765625 363.76953125
60.712890625 57.900390625 913955.078125 0.2412109375 361.81640625 0.9423828125 363.76953125
37.509765625 72.138671875 913955.078125 0.2412109375 361.81640625 0.9423828125 363.76953125
37.509765625 57.900390625 554306.640625 0.2412109375 361.81640625 0.9423828125 363.76953125
37.509765625 57.900390625 913955.078125 0.9580078125 361.81640625 0.9423828125 363.76953125
37.509765625 57.900390625 913955.078125 0.2412109375 62.01171875 0.9423828125 363.76953125
37.509765625 57.900390625 913955.078125 0.2412109375 361.81640625 0.7509765625 363.76953125
37.509765625 57.900390625 913955.078125 0.2412109375 361.81640625 0.9423828125 226.07421875
37.509765625 57.900390625 913955.078125 0.2412109375 361.81640625 0.9423828125 363.76953125
83.212890625 49.638671875 306806.640625 0.2080078125 187.01171875 0.5009765625 351.07421875
15.009765625 49.638671875 306806.640625 0.2080078125 187.01171875 0.5009765625 351.07421875
83.212890625 80.400390625 306806.640625 0.2080078125 187.01171875 0.5009765625 351.07421875
83.212890625 49.638671875 666455.078125 0.2080078125 187.01171875 0.5009765625 351.07421875
83.212890625 49.638671875 306806.640625 0.4912109375 187.01171875 0.5009765625 351.07421875
83.212890625 49.638671875 306806.640625 0.2080078125 486.81640625 0.5009765625 351.07421875
83.212890625 49.638671875 306806.640625 0.2080078125 187.01171875 0.1923828125 351.07421875
83.212890625 49.638671875 306806.640625 0.2080078125 187.01171875 0.5009765625 238.76953125
83.212890625 80.400390625 666455.078125 0.4912109375 486.81640625 0.1923828125 238.76953125
15.009765625 49.638671875 666455.078125 0.4912109375 486.81640625 0.1923828125 238.76953125
15.009765625 80.400390625 306806.640625 0.4912109375 486.81640625 0.1923828125 238.76953125
15.009765625 80.400390625 666455.078125 0.2080078125 486.81640625 0.1923828125 238.76953125
15.009765625 80.400390625 666455.078125 0.4912109375 187.01171875 0.1923828125 238.76953125
15.009765625 80.400390625 666455.078125 0.4912109375 486.81640625 0.5009765625 238.76953125
15.009765625 80.400390625 666455.078125 0.4912109375 486.81640625 0.1923828125 351.07421875
15.009765625 80.400390625 666455.078125 0.4912109375 486.81640625 0.1923828125 238.76953125
38.212890625 94.638671875 801806.640625 0.7080078125 437.01171875 9.765625E-4 101.07421875
60.009765625 94.638671875 801806.640625 0.7080078125 437.01171875 9.765625E-4 101.07421875
38.212890625 35.400390625 801806.640625 0.7080078125 437.01171875 9.765625E-4 101.07421875
38.212890625 94.638671875 171455.078125 0.7080078125 437.01171875 9.765625E-4 101.07421875
38.212890625 94.638671875 801806.640625 0.9912109375 437.01171875 9.765625E-4 101.07421875
38.212890625 94.638671875 801806.640625 0.7080078125 236.81640625 9.765625E-4 101.07421875
38.212890625 94.638671875 801806.640625 0.7080078125 437.01171875 0.6923828125 101.07421875
38.212890625 94.638671875 801806.640625 0.7080078125 437.01171875 9.765625E-4 488.76953125
38.212890625 35.400390625 171455.078125 0.9912109375 236.81640625 0.6923828125 488.76953125
60.009765625 94.638671875 171455.078125 0.9912109375 236.81640625 0.6923828125 488.76953125
60.009765625 35.400390625 801806.640625 0.9912109375 236.81640625 0.6923828125 488.76953125
60.009765625 35.400390625 171455.078125 0.7080078125 236.81640625 0.6923828125 488.76953125
60.009765625 35.400390625 171455.078125 0.9912109375 437.01171875 0.6923828125 488.76953125
60.009765625 35.400390625 171455.078125 0.9912109375 236.81640625 9.765625E-4 488.76953125
60.009765625 35.400390625 171455.078125 0.9912109375 236.81640625 0.6923828125 101.07421875
60.009765625 35.400390625 171455.078125 0.9912109375 236.81640625 0.6923828125 488.76953125
49.462890625 38.388671875 678056.640625 0.5830078125 499.51171875 0.3759765625 288.57421875
26.259765625 38.388671875 678056.640625 0.5830078125 499.51171875 0.3759765625 288.57421875
49.462890625 91.650390625 678056.640625 0.5830078125 499.51171875 0.3759765625 288.57421875
49.462890625 38.388671875 790205.078125 0.5830078125 499.51171875 0.3759765625 288.57421875
49.462890625 38.388671875 678056.640625 0.3662109375 499.51171875 0.3759765625 288.57421875
49.462890625 38.388671875 678056.640625 0.5830078125 174.31640625 0.3759765625 288.57421875
49.462890625 38.388671875 678056.640625 0.5830078125 499.51171875 0.0673828125 288.57421875
49.462890625 38.388671875 678056.640625 0.5830078125 499.51171875 0.3759765625 301.26953125
49.462890625 91.650390625 790205.078125 0.3662109375 174.31640625 0.0673828125 301.26953125
26.259765625 38.388671875 790205.078125 0.3662109375 174.31640625 0.0673828125 301.26953125
26.259765625 91.650390625 678056.640625 0.3662109375 174.31640625 0.0673828125 301.26953125
26.259765625 91.650390625 790205.078125 0.5830078125 174.31640625 0.0673828125 301.26953125
26.259765625 91.650390625 790205.078125 0.3662109375 499.51171875 0.0673828125 301.26953125
26.259765625 91.650390625 790205.078125 0.3662109375 174.31640625 0.3759765625 301.26953125
26.259765625 91.650390625 790205.078125 0.3662109375 174.31640625 0.0673828125 288.57421875
26.259765625 91.650390625 790205.078125 0.3662109375 174.31640625 0.0673828125 301.26953125
94.462890625 83.388671875 183056.640625 0.0830078125 249.51171875 0.8759765625 38.57421875
71.259765625 83.388671875 183056.640625 0.0830078125 249.51171875 0.8759765625 38.57421875
94.462890625 46.650390625 183056.640625 0.0830078125 249.51171875 0.8759765625 38.57421875
94.462890625 83.388671875 295205.078125 0.0830078125 249.51171875 0.8759765625 38.57421875
94.462890625 83.388671875 183056.640625 0.8662109375 249.51171875 0.8759765625 38.57421875
94.462890625 83.388671875 183056.640625 0.0830078125 424.31640625 0.8759765625 38.57421875
94.462890625 83.388671875 183056.640625 0.0830078125 249.51171875 0.5673828125 38.57421875
94.462890625 83.388671875 183056.640625 0.0830078125 249.51171875 0.8759765625 51.26953125
94.462890625 46.650390625 295205.078125 0.8662109375 424.31640625 0.5673828125 51.26953125
71.259765625 83.388671875 295205.078125 0.8662109375 424.31640625 0.5673828125 51.26953125
71.259765625 46.650390625 183056.640625 0.8662109375 424.31640625 0.5673828125 51.26953125
71.259765625 46.650390625 295205.078125 0.0830078125 424.31640625 0.5673828125 51.26953125
71.259765625 46.650390625 295205.078125 0.8662109375 249.51171875 0.5673828125 51.26953125
71.259765625 46.650390625 295205.078125 0.8662109375 424.31640625 0.8759765625 51.26953125
71.259765625 46.650390625 295205.078125 0.8662109375 424.31640625 0.5673828125 38.57421875
71.259765625 46.650390625 295205.078125 0.8662109375 424.31640625 0.5673828125 51.26953125
71.962890625 15.888671875 925556.640625 0.8330078125 124.51171875 0.6259765625 413.57421875
93.759765625 15.888671875 925556.640625 0.8330078125 124.51171875 0.6259765625 413.57421875
71.962890625 24.150390625 925556.640625 0.8330078125 124.51171875 0.6259765625 413.57421875
71.962890625 15.888671875 47705.078125 0.8330078125 124.51171875 0.6259765625 413.57421875
71.962890625 15.888671875 925556.640625 0.6162109375 124.51171875 0.6259765625 413.57421875
71.962890625 15.888671875 925556.640625 0.8330078125 299.31640625 0.6259765625 413.57421875
71.962890625 15.888671875 925556.640625 0.8330078125 124.51171875 0.3173828125 413.57421875
71.962890625 15.888671875 925556.640625 0.8330078125 124.51171875 0.6259765625 426.26953125
71.962890625 24.150390625 47705.078125 0.6162109375 299.31640625 0.3173828125 426.26953125
93.759765625 15.888671875 47705.078125 0.6162109375 299.31640625 0.3173828125 426.26953125
93.759765625 24.150390625 925556.640625 0.6162109375 299.31640625 0.3173828125 426.26953125
93.759765625 24.150390625 47705.078125 0.8330078125 299.31640625 0.3173828125 426.26953125
93.759765625 24.150390625 47705.078125 0.6162109375 124.51171875 0.3173828125 426.26953125
93.759765625 24.150390625 47705.078125 0.6162109375 299.31640625 0.6259765625 426.26953125
93.759765625 24.150390625 47705.078125 0.6162109375 299.31640625 0.3173828125 413.57421875
93.759765625 24.150390625 47705.078125 0.6162109375 299.31640625 0.3173828125 426.26953125
26.962890625 60.888671875 430556.640625 0.3330078125 374.51171875 0.1259765625 163.57421875
48.759765625 60.888671875 430556.640625 0.3330078125 374.51171875 0.1259765625 163.57421875
26.962890625 69.150390625 430556.640625 0.3330078125 374.51171875 0.1259765625 163.57421875
26.962890625 60.888671875 542705.078125 0.3330078125 374.51171875 0.1259765625 163.57421875
26.962890625 60.888671875 430556.640625 0.1162109375 374.51171875 0.1259765625 163.57421875
26.962890625 60.888671875 430556.640625 0.3330078125 49.31640625 0.1259765625 163.57421875
26.962890625 60.888671875 430556.640625 0.3330078125 374.51171875 0.8173828125 163.57421875
26.962890625 60.888671875 430556.640625 0.3330078125 374.51171875 0.1259765625 176.26953125
26.962890625 69.150390625 542705.078125 0.1162109375 49.31640625 0.8173828125 176.26953125
48.759765625 60.888671875 542705.078125 0.1162109375 49.31640625 0.8173828125 176.26953125
48.759765625 69.150390625 430556.640625 0.1162109375 49.31640625 0.8173828125 176.26953125
48.759765625 69.150390625 542705.078125 0.3330078125 49.31640625 0.8173828125 176.26953125
48.759765625 69.150390625 542705.078125 0.1162109375 374.51171875 0.8173828125 176.26953125
48.759765625 69.150390625 542705.078125 0.1162109375 49.31640625 0.1259765625 176.26953125
48.759765625 69.150390625 542705.078125 0.1162109375 49.31640625 0.8173828125 163.57421875
48.759765625 69.150390625 542705.078125 0.1162109375 49.31640625 0.8173828125 176.26953125
21.337890625 44.013671875 987431.640625 0.0205078125 30.76171875 0.0634765625 257.32421875
31.884765625 44.013671875 987431.640625 0.0205078125 30.76171875 0.0634765625 257.32421875
21.337890625 97.275390625 987431.640625 0.0205078125 30.76171875 0.0634765625 257.32421875
21.337890625 44.013671875 233330.078125 0.0205078125 30.76171875 0.0634765625 257.32421875
21.337890625 44.013671875 987431.640625 0.0537109375 30.76171875 0.0634765625 257.32421875
21.337890625 44.013671875 987431.640625 0.0205078125 80.56640625 0.0634765625 257.32421875
21.337890625 44.013671875 987431.640625 0.0205078125 30.76171875 0.5048828125 257.32421875
21.337890625 44.013671875 987431.640625 0.0205078125 30.76171875 0.0634765625 395.01953125
21.337890625 97.275390625 233330.078125 0.0537109375 80.56640625 0.5048828125 395.01953125
31.884765625 44.013671875 233330.078125 0.0537109375 80.56640625 0.5048828125 395.01953125
31.884765625 97.275390625 987431.640625 0.0537109375 80.56640625 0.5048828125 395.01953125
31.884765625 97.275390625 233330.078125 0.0205078125 80.56640625 0.5048828125 395.01953125
31.884765625 97.275390625 233330.078125 0.0537109375 30.76171875 0.5048828125 395.01953125
31.884765625 97.275390625 233330.078125 0.0537109375 80.56640625 0.0634765625 395.01953125
31.884765625 97.275390625 233330.078125 0.0537109375 80.56640625 0.5048828125 257.32421875
31.884765625 97.275390625 233330.078125 0.0537109375 80.56640625 0.5048828125 395.01953125
66.337890625 89.013671875 492431.640625 0.5205078125 280.76171875 0.5634765625 7.32421875
76.884765625 89.013671875 492431.640625 0.5205078125 280.76171875 0.5634765625 7.32421875
66.337890625 52.275390625 492431.640625 0.5205078125 280.76171875 0.5634765625 7.32421875
66.337890625 89.013671875 728330.078125 0.5205078125 280.76171875 0.5634765625 7.32421875
66.337890625 89.013671875 492431.640625 0.5537109375 280.76171875 0.5634765625 7.32421875
66.337890625 89.013671875 492431.640625 0.5205078125 330.56640625 0.5634765625 7.32421875
66.337890625 89.013671875 492431.640625 0.5205078125 280.76171875 0.0048828125 7.32421875
66.337890625 89.013671875 492431.640625 0.5205078125 280.76171875 0.5634765625 145.01953125
66.337890625 52.275390625 728330.078125 0.5537109375 330.56640625 0.0048828125 145.01953125
76.884765625 89.013671875 728330.078125 0.5537109375 330.56640625 0.0048828125 145.01953125
76.884765625 52.275390625 492431.640625 0.5537109375 330.56640625 0.0048828125 145.01953125
76.884765625 52.275390625 728330.078125 0.5205078125 330.56640625 0.0048828125 145.01953125
76.884765625 52.275390625 728330.078125 0.5537109375 280.76171875 0.0048828125 145.01953125
76.884765625 52.275390625 728330.078125 0.5537109375 330.56640625 0.5634765625 145.01953125
76.884765625 52.275390625 728330.078125 0.5537109375 330.56640625 0.0048828125 7.32421875
76.884765625 52.275390625 728330.078125 0.5537109375 330.56640625 0.0048828125 145.01953125
88.837890625 21.513671875 739931.640625 0.2705078125 405.76171875 0.8134765625 382.32421875
99.384765625 21.513671875 739931.640625 0.2705078125 405.76171875 0.8134765625 382.32421875
88.837890625 29.775390625 739931.640625 0.2705078125 405.76171875 0.8134765625 382.32421875
88.837890625 21.513671875 975830.078125 0.2705078125 405.76171875 0.8134765625 382.32421875
88.837890625 21.513671875 739931.640625 0.8037109375 405.76171875 0.8134765625 382.32421875
88.837890625 21.513671875 739931.640625 0.2705078125 455.56640625 0.8134765625 382.32421875
88.837890625 21.513671875 739931.640625 0.2705078125 405.76171875 0.7548828125 382.32421875
88.837890625 21.513671875 739931.640625 0.2705078125 405.76171875 0.8134765625 270.01953125
88.837890625 29.775390625 975830.078125 0.8037109375 455.56640625 0.7548828125 270.01953125
99.384765625 21.513671875 975830.078125 0.8037109375 455.56640625 0.7548828125 270.01953125
99.384765625 29.775390625 739931.640625 0.8037109375 455.56640625 0.7548828125 270.01953125
99.384765625 29.775390625 975830.078125 0.2705078125 455.56640625 0.7548828125 270.01953125
99.384765625 29.775390625 975830.078125 0.8037109375 405.76171875 0.7548828125 270.01953125
99.384765625 29.775390625 975830.078125 0.8037109375 455.56640625 0.8134765625 270.01953125
99.384765625 29.775390625 975830.078125 0.8037109375 455.56640625 0.7548828125 382.32421875
99.384765625 29.775390625 975830.078125 0.8037109375 455.56640625 0.7548828125 270.01953125
43.837890625 66.513671875 244931.640625 0.7705078125 155.76171875 0.3134765625 132.32421875
54.384765625 66.513671875 244931.640625 0.7705078125 155.76171875 0.3134765625 132.32421875
43.837890625 74.775390625 244931.640625 0.7705078125 155.76171875 0.3134765625 132.32421875
43.837890625 66.513671875 480830.078125 0.7705078125 155.76171875 0.3134765625 132.32421875
43.837890625 66.513671875 244931.640625 0.3037109375 155.76171875 0.3134765625 132.32421875
43.837890625 66.513671875 244931.640625 0.7705078125 205.56640625 0.3134765625 132.32421875
43.837890625 66.513671875 244931.640625 0.7705078125 155.76171875 0.2548828125 132.32421875
43.837890625 66.513671875 244931.640625 0.7705078125 155.76171875 0.3134765625 20.01953125
43.837890625 74.775390625 480830.078125 0.3037109375 205.56640625 0.2548828125 20.01953125
54.384765625 66.513671875 480830.078125 0.3037109375 205.56640625 0.2548828125 20.01953125
54.384765625 74.775390625 244931.640625 0.3037109375 205.56640625 0.2548828125 20.01953125
54.384765625 74.775390625 480830.078125 0.7705078125 205.56640625 0.2548828125 20.01953125
54.384765625 74.775390625 480830.078125 0.3037109375 155.76171875 0.2548828125 20.01953125
54.384765625 74.775390625 480830.078125 0.3037109375 205.56640625 0.3134765625 20.01953125
54.384765625 74.775390625 480830.078125 0.3037109375 205.56640625 0.2548828125 132.32421875
54.384765625 74.775390625 480830.078125 0.3037109375 205.56640625 0.2548828125 20.01953125
32.587890625 10.263671875 368681.640625 0.8955078125 218.26171875 0.1884765625 444.82421875
88.134765625 10.263671875 368681.640625 0.8955078125 218.26171875 0.1884765625 444.82421875
32.587890625 18.525390625 368681.640625 0.8955078125 218.26171875 0.1884765625 444.82421875
32.587890625 10.263671875 604580.078125 0.8955078125 218.26171875 0.1884765625 444.82421875
32.587890625 10.263671875 368681.640625 0.9287109375 218.26171875 0.1884765625 444.82421875
32.587890625 10.263671875 368681.640625 0.8955078125 143.06640625 0.1884765625 444.82421875
32.587890625 10.263671875 368681.640625 0.8955078125 218.26171875 0.8798828125 444.82421875
32.587890625 10.263671875 368681.640625 0.8955078125 218.26171875 0.1884765625 207.51953125
32.587890625 18.525390625 604580.078125 0.9287109375 143.06640625 0.8798828125 207.51953125
88.134765625 10.263671875 604580.078125 0.9287109375 143.06640625 0.8798828125 207.51953125
88.134765625 18.525390625 368681.640625 0.9287109375 143.06640625 0.8798828125 207.51953125
88.134765625 18.525390625 604580.078125 0.8955078125 143.06640625 0.8798828125 207.51953125
88.134765625 18.525390625 604580.078125 0.9287109375 218.26171875 0.8798828125 207.51953125
88.134765625 18.525390625 604580.078125 0.9287109375 143.06640625 0.1884765625 207.51953125
88.134765625 18.525390625 604580.078125 0.9287109375 143.06640625 0.8798828125 444.82421875
88.134765625 18.525390625 604580.078125 0.9287109375 143.06640625 0.8798828125 207.51953125
77.587890625 55.263671875 863681.640625 0.3955078125 468.26171875 0.6884765625 194.82421875
43.134765625 55.263671875 863681.640625 0.3955078125 468.26171875 0.6884765625 194.82421875
77.587890625 63.525390625 863681.640625 0.3955078125 468.26171875 0.6884765625 194.82421875
77.587890625 55.263671875 109580.078125 0.3955078125 468.26171875 0.6884765625 194.82421875
77.587890625 55.263671875 863681.640625 0.4287109375 468.26171875 0.6884765625 194.82421875
77.587890625 55.263671875 863681.640625 0.3955078125 393.06640625 0.6884765625 194.82421875
77.587890625 55.263671875 863681.640625 0.3955078125 468.26171875 0.3798828125 194.82421875
77.587890625 55.263671875 863681.640625 0.3955078125 468.26171875 0.6884765625 457.51953125
77.587890625 63.525390625 109580.078125 0.4287109375 393.06640625 0.3798828125 457.51953125
43.134765625 55.263671875 109580.078125 0.4287109375 393.06640625 0.3798828125 457.51953125
43.134765625 63.525390625 863681.640625 0.4287109375 393.06640625 0.3798828125 457.51953125
43.134765625 63.525390625 109580.078125 0.3955078125 393.06640625 0.3798828125 457.51953125
43.134765625 63.525390625 109580.078125 0.4287109375 468.26171875 0.3798828125 457.51953125
43.134765625 63.525390625 109580.078125 0.4287109375 393.06640625 0.6884765625 457.51953125
43.134765625 63.525390625 109580.078125 0.4287109375 393.06640625 0.3798828125 194.82421875
43.134765625 63.525390625 109580.078125 0.4287109375 393.06640625 0.3798828125 457.51953125
55.087890625 32.763671875 121181.640625 0.6455078125 343.26171875 0.9384765625 319.82421875
20.634765625 32.763671875 121181.640625 0.6455078125 343.26171875 0.9384765625 319.82421875
55.087890625 86.025390625 121181.640625 0.6455078125 343.26171875 0.9384765625 319.82421875
55.087890625 32.763671875 357080.078125 0.6455078125 343.26171875 0.9384765625 319.82421875
55.087890625 32.763671875 121181.640625 0.1787109375 343.26171875 0.9384765625 319.82421875
55.087890625 32.763671875 121181.640625 0.6455078125 268.06640625 0.9384765625 319.82421875
55.087890625 32.763671875 121181.640625 0.6455078125 343.26171875 0.6298828125 319.82421875
55.087890625 32.763671875 121181.640625 0.6455078125 343.26171875 0.9384765625 82.51953125
55.087890625 86.025390625 357080.078125 0.1787109375 268.06640625 0.6298828125 82.51953125
20.634765625 32.763671875 357080.078125 0.1787109375 268.06640625 0.6298828125 82.51953125
20.634765625 86.025390625 121181.640625 0.1787109375 268.06640625 0.6298828125 82.51953125
20.634765625 86.025390625 357080.078125 0.6455078125 268.06640625 0.6298828125 82.51953125
20.634765625 86.025390625 357080.078125 0.1787109375 343.26171875 0.6298828125 82.51953125
20.634765625 86.025390625 357080.078125 0.1787109375 268.06640625 0.9384765625 82.51953125
20.634765625 86.025390625 357080.078125 0.1787109375 268.06640625 0.6298828125 319.82421875
20.634765625 86.025390625 357080.078125 0.1787109375 268.06640625 0.6298828125 82.51953125
10.087890625 77.763671875 616181.640625 0.1455078125 93.26171875 0.4384765625 69.82421875
65.634765625 77.763671875 616181.640625 0.1455078125 93.26171875 0.4384765625 69.82421875
10.087890625 41.025390625 616181.640625 0.1455078125 93.26171875 0.4384765625 69.82421875
10.087890625 77.763671875 852080.078125 0.1455078125 93.26171875 0.4384765625 69.82421875
10.087890625 77.763671875 616181.640625 0.6787109375 93.26171875 0.4384765625 69.82421875
10.087890625 77.763671875 616181.640625 0.1455078125 18.06640625 0.4384765625 69.82421875
10.087890625 77.763671875 616181.640625 0.1455078125 93.26171875 0.1298828125 69.82421875
10.087890625 77.763671875 616181.640625 0.1455078125 93.26171875 0.4384765625 332.51953125
10.087890625 41.025390625 852080.078125 0.6787109375 18.06640625 0.1298828125 332.51953125
65.634765625 77.763671875 852080.078125 0.6787109375 18.06640625 0.1298828125 332.51953125
65.634765625 41.025390625 616181.640625 0.6787109375 18.06640625 0.1298828125 332.51953125
65.634765625 41.025390625 852080.078125 0.1455078125 18.06640625 0.1298828125 332.51953125
65.634765625 41.025390625 852080.078125 0.6787109375 93.26171875 0.1298828125 332.51953125
65.634765625 41.025390625 852080.078125 0.6787109375 18.06640625 0.4384765625 332.51953125
65.634765625 41.025390625 852080.078125 0.6787109375 18.06640625 0.1298828125 69.82421875
65.634765625 41.025390625 852080.078125 0.6787109375 18.06640625 0.1298828125 332.51953125
10.1318359375 43.8818359375 453276.3671875 0.48681640625 278.564453125 0.84423828125 120.849609375
62.8662109375 43.8818359375 453276.3671875 0.48681640625 278.564453125 0.84423828125 120.849609375
10.1318359375 72.7099609375 453276.3671875 0.48681640625 278.564453125 0.84423828125 120.849609375
10.1318359375 43.8818359375 674672.8515625 0.48681640625 278.564453125 0.84423828125 120.849609375
10.1318359375 43.8818359375 453276.3671875 0.82177734375 278.564453125 0.84423828125 120.849609375
10.1318359375 43.8818359375 453276.3671875 0.48681640625 460.693359375 0.84423828125 120.849609375
10.1318359375 43.8818359375 453276.3671875 0.48681640625 278.564453125 0.70654296875 120.849609375
10.1318359375 43.8818359375 453276.3671875 0.48681640625 278.564453125 0.84423828125 169.189453125
10.1318359375 72.7099609375 674672.8515625 0.82177734375 460.693359375 0.70654296875 169.189453125
62.8662109375 43.8818359375 674672.8515625 0.82177734375 460.693359375 0.70654296875 169.189453125
62.8662109375 72.7099609375 453276.3671875 0.82177734375 460.693359375 0.70654296875 169.189453125
62.8662109375 72.7099609375 674672.8515625 0.48681640625 460.693359375 0.70654296875 169.189453125
62.8662109375 72.7099609375 674672.8515625 0.82177734375 278.564453125 0.70654296875 169.189453125
62.8662109375 72.7099609375 674672.8515625 0.82177734375 460.693359375 0.84423828125 169.189453125
62.8662109375 72.7099609375 674672.8515625 0.82177734375 460.693359375 0.70654296875 120.849609375
62.8662109375 72.7099609375 674672.8515625 0.82177734375 460.693359375 0.70654296875 169.189453125
55.1318359375 88.8818359375 948276.3671875 0.98681640625 28.564453125 0.34423828125 370.849609375
17.8662109375 88.8818359375 948276.3671875 0.98681640625 28.564453125 0.34423828125 370.849609375
55.1318359375 27.7099609375 948276.3671875 0.98681640625 28.564453125 0.34423828125 370.849609375
55.1318359375 88.8818359375 179672.8515625 0.98681640625 28.564453125 0.34423828125 370.849609375
55.1318359375 88.8818359375 948276.3671875 0.32177734375 28.564453125 0.34423828125 370.849609375
55.1318359375 88.8818359375 948276.3671875 0.98681640625 210.693359375 0.34423828125 370.849609375
55.1318359375 88.8818359375 948276.3671875 0.98681640625 28.564453125 0.20654296875 370.849609375
55.1318359375 88.8818359375 948276.3671875 0.98681640625 28.564453125 0.34423828125 419.189453125
55.1318359375 27.7099609375 179672.8515625 0.32177734375 210.693359375 0.20654296875 419.189453125
17.8662109375 88.8818359375 179672.8515625 0.32177734375 210.693359375 0.20654296875 419.189453125
17.8662109375 27.7099609375 948276.3671875 0.32177734375 210.693359375 0.20654296875 419.189453125
17.8662109375 27.7099609375 179672.8515625 0.98681640625 210.693359375 0.20654296875 419.189453125
17.8662109375 27.7099609375 179672.8515625 0.32177734375 28.564453125 0.20654296875 419.189453125
17.8662109375 27.7099609375 179672.8515625 0.32177734375 210.693359375 0.34423828125 419.189453125
17.8662109375 27.7099609375 179672.8515625 0.32177734375 210.693359375 0.20654296875 370.849609375
17.8662109375 27.7099609375 179672.8515625 0.32177734375 210.693359375 0.20654296875 419.189453125
77.6318359375 21.3818359375 205776.3671875 0.23681640625 153.564453125 0.09423828125 245.849609375
40.3662109375 21.3818359375 205776.3671875 0.23681640625 153.564453125 0.09423828125 245.849609375
77.6318359375 50.2099609375 205776.3671875 0.23681640625 153.564453125 0.09423828125 245.849609375
77.6318359375 21.3818359375 427172.8515625 0.23681640625 153.564453125 0.09423828125 245.849609375
77.6318359375 21.3818359375 205776.3671875 0.07177734375 153.564453125 0.09423828125 245.849609375
77.6318359375 21.3818359375 205776.3671875 0.23681640625 85.693359375 0.09423828125 245.849609375
77.6318359375 21.3818359375 205776.3671875 0.23681640625 153.564453125 0.95654296875 245.849609375
77.6318359375 21.3818359375 205776.3671875 0.23681640625 153.564453125 0.09423828125 44.189453125
77.6318359375 50.2099609375 427172.8515625 0.07177734375 85.693359375 0.95654296875 44.189453125
40.3662109375 21.3818359375 427172.8515625 0.07177734375 85.693359375 0.95654296875 44.189453125
40.3662109375 50.2099609375 205776.3671875 0.07177734375 85.693359375 0.95654296875 44.189453125
40.3662109375 50.2099609375 427172.8515625 0.23681640625 85.693359375 0.95654296875 44.189453125
40.3662109375 50.2099609375 427172.8515625 0.07177734375 153.564453125 0.95654296875 44.189453125
40.3662109375 50.2099609375 427172.8515625 0.07177734375 85.693359375 0.09423828125 44.189453125
40.3662109375 50.2099609375 427172.8515625 0.07177734375 85.693359375 0.95654296875 245.849609375
40.3662109375 50.2099609375 427172.8515625 0.07177734375 85.693359375 0.95654296875 44.189453125
32.6318359375 66.3818359375 700776.3671875 0.73681640625 403.564453125 0.59423828125 495.849609375
85.3662109375 66.3818359375 700776.3671875 0.73681640625 403.564453125 0.59423828125 495.849609375
32.6318359375 95.2099609375 700776.3671875 0.73681640625 403.564453125 0.59423828125 495.849609375
32.6318359375 66.3818359375 922172.8515625 0.73681640625 403.564453125 0.59423828125 495.849609375
32.6318359375 66.3818359375 700776.3671875 0.57177734375 403.564453125 0.59423828125 495.849609375
32.6318359375 66.3818359375 700776.3671875 0.73681640625 335.693359375 0.59423828125 495.849609375
32.6318359375 66.3818359375 700776.3671875 0.73681640625 403.564453125 0.45654296875 495.849609375
32.6318359375 66.3818359375 700776.3671875 0.73681640625 403.564453125 0.59423828125 294.189453125
32.6318359375 95.2099609375 922172.8515625 0.57177734375 335.693359375 0.45654296875 294.189453125
85.3662109375 66.3818359375 922172.8515625 0.57177734375 335.693359375 0.45654296875 294.189453125
85.3662109375 95.2099609375 700776.3671875 0.57177734375 335.693359375 0.45654296875 294.189453125
85.3662109375 95.2099609375 922172.8515625 0.73681640625 335.693359375 0.45654296875 294.189453125
85.3662109375 95.2099609375 922172.8515625 0.57177734375 403.564453125 0.45654296875 294.189453125
85.3662109375 95.2099609375 922172.8515625 0.57177734375 335.693359375 0.59423828125 294.189453125
85.3662109375 95.2099609375 922172.8515625 0.57177734375 335.693359375 0.45654296875 495.849609375
85.3662109375 95.2099609375 922172.8515625 0.57177734375 335.693359375 0.45654296875 294.189453125
43.8818359375 10.1318359375 824526.3671875 0.61181640625 466.064453125 0.96923828125 183.349609375
51.6162109375 10.1318359375 824526.3671875 0.61181640625 466.064453125 0.96923828125 183.349609375
43.8818359375 38.9599609375 824526.3671875 0.61181640625 466.064453125 0.96923828125 183.349609375
43.8818359375 10.1318359375 55922.8515625 0.61181640625 466.064453125 0.96923828125 183.349609375
43.8818359375 10.1318359375 824526.3671875 0.19677734375 466.064453125 0.96923828125 183.349609375
43.8818359375 10.1318359375 824526.3671875 0.61181640625 273.193359375 0.96923828125 183.349609375
43.8818359375 10.1318359375 824526.3671875 0.61181640625 466.064453125 0.83154296875 183.349609375
43.8818359375 10.1318359375 824526.3671875 0.61181640625 466.064453125 0.96923828125 481.689453125
43.8818359375 38.9599609375 55922.8515625 0.19677734375 273.193359375 0.83154296875 481.689453125
51.6162109375 10.1318359375 55922.8515625 0.19677734375 273.193359375 0.83154296875 481.689453125
51.6162109375 38.9599609375 824526.3671875 0.19677734375 273.193359375 0.83154296875 481.689453125
51.6162109375 38.9599609375 55922.8515625 0.61181640625 273.193359375 0.83154296875 481.689453125
51.6162109375 38.9599609375 55922.8515625 0.19677734375 466.064453125 0.83154296875 481.689453125
51.6162109375 38.9599609375 55922.8515625 0.19677734375 273.193359375 0.96923828125 481.689453125
51.6162109375 38.9599609375 55922.8515625 0.19677734375 273.193359375 0.83154296875 183.349609375
51.6162109375 38.9599609375 55922.8515625 0.19677734375 273.193359375 0.83154296875 481.689453125
88.8818359375 55.1318359375 329526.3671875 0.11181640625 216.064453125 0.46923828125 433.349609375
96.6162109375 55.1318359375 329526.3671875 0.11181640625 216.064453125 0.46923828125 433.349609375
88.8818359375 83.9599609375 329526.3671875 0.11181640625 216.064453125 0.46923828125 433.349609375
88.8818359375 55.1318359375 550922.8515625 0.11181640625 216.064453125 0.46923828125 433.349609375
88.8818359375 55.1318359375 329526.3671875 0.69677734375 216.064453125 0.46923828125 433.349609375
88.8818359375 55.1318359375 329526.3671875 0.11181640625 23.193359375 0.46923828125 433.349609375
88.8818359375 55.1318359375 329526.3671875 0.11181640625 216.064453125 0.33154296875 433.349609375
88.8818359375 55.1318359375 329526.3671875 0.11181640625 216.064453125 0.46923828125 231.689453125
88.8818359375 83.9599609375 550922.8515625 0.69677734375 23.193359375 0.33154296875 231.689453125
96.6162109375 55.1318359375 550922.8515625 0.69677734375 23.193359375 0.33154296875 231.689453125
96.6162109375 83.9599609375 329526.3671875 0.69677734375 23.193359375 0.33154296875 231.689453125
96.6162109375 83.9599609375 550922.8515625 0.11181640625 23.193359375 0.33154296875 231.689453125
96.6162109375 83.9599609375 550922.8515625 0.69677734375 216.064453125 0.33154296875 231.689453125
96.6162109375 83.9599609375 550922.8515625 0.69677734375 23.193359375 0.46923828125 231.689453125
96.6162109375 83.9599609375 550922.8515625 0.69677734375 23.193359375 0.33154296875 433.349609375
96.6162109375 83.9599609375 550922.8515625 0.69677734375 23.193359375 0.33154296875 231.689453125
66.3818359375 32.6318359375 577026.3671875 0.86181640625 91.064453125 0.21923828125 58.349609375
74.1162109375 32.6318359375 577026.3671875 0.86181640625 91.064453125 0.21923828125 58.349609375
66.3818359375 61.4599609375 577026.3671875 0.86181640625 91.064453125 0.21923828125 58.349609375
66.3818359375 32.6318359375 798422.8515625 0.86181640625 91.064453125 0.21923828125 58.349609375
66.3818359375 32.6318359375 577026.3671875 0.94677734375 91.064453125 0.21923828125 58.349609375
66.3818359375 32.6318359375 577026.3671875 0.86181640625 148.193359375 0.21923828125 58.349609375
66.3818359375 32.6318359375 577026.3671875 0.86181640625 91.064453125 0.58154296875 58.349609375
66.3818359375 32.6318359375 577026.3671875 0.86181640625 91.064453125 0.21923828125 356.689453125
66.3818359375 61.4599609375 798422.8515625 0.94677734375 148.193359375 0.58154296875 356.689453125
74.1162109375 32.6318359375 798422.8515625 0.94677734375 148.193359375 0.58154296875 356.689453125
74.1162109375 61.4599609375 577026.3671875 0.94677734375 148.193359375 0.58154296875 356.689453125
74.1162109375 61.4599609375 798422.8515625 0.86181640625 148.193359375 0.58154296875 356.689453125
74.1162109375 61.4599609375 798422.8515625 0.94677734375 91.064453125 0.58154296875 356.689453125
74.1162109375 61.4599609375 798422.8515625 0.94677734375 148.193359375 0.21923828125 356.689453125
74.1162109375 61.4599609375 798422.8515625 0.94677734375 148.193359375 0.58154296875 58.349609375
74.1162109375 61.4599609375 798422.8515625 0.94677734375 148.193359375 0.58154296875 356.689453125
21.3818359375 77.6318359375 82026.3671875 0.36181640625 341.064453125 0.71923828125 308.349609375
29.1162109375 77.6318359375 82026.3671875 0.36181640625 341.064453125 0.71923828125 308.349609375
21.3818359375 16.4599609375 82026.3671875 0.36181640625 341.064453125 0.71923828125 308.349609375
21.3818359375 77.6318359375 303422.8515625 0.36181640625 341.064453125 0.71923828125 308.349609375
21.3818359375 77.6318359375 82026.3671875 0.44677734375 341.064453125 0.71923828125 308.349609375
21.3818359375 77.6318359375 82026.3671875 0.36181640625 398.193359375 0.71923828125 308.349609375
21.3818359375 77.6318359375 82026.3671875 0.36181640625 341.064453125 0.08154296875 308.349609375
21.3818359375 77.6318359375 82026.3671875 0.36181640625 341.064453125 0.71923828125 106.689453125
21.3818359375 16.4599609375 303422.8515625 0.44677734375 398.193359375 0.08154296875 106.689453125
29.1162109375 77.6318359375 303422.8515625 0.44677734375 398.193359375 0.08154296875 106.689453125
29.1162109375 16.4599609375 82026.3671875 0.44677734375 398.193359375 0.08154296875 106.689453125
29.1162109375 16.4599609375 303422.8515625 0.36181640625 398.193359375 0.08154296875 106.689453125
29.1162109375 16.4599609375 303422.8515625 0.44677734375 341.064453125 0.08154296875 106.689453125
29.1162109375 16.4599609375 303422.8515625 0.44677734375 398.193359375 0.71923828125 106.689453125
29.1162109375 16.4599609375 303422.8515625 0.44677734375 398.193359375 0.08154296875 308.349609375
29.1162109375 16.4599609375 303422.8515625 0.44677734375 398.193359375 0.08154296875 106.689453125
27.0068359375 27.0068359375 515151.3671875 0.04931640625 59.814453125 0.53173828125 152.099609375
45.9912109375 27.0068359375 515151.3671875 0.04931640625 59.814453125 0.53173828125 152.099609375
27.0068359375 33.3349609375 515151.3671875 0.04931640625 59.814453125 0.53173828125 152.099609375
27.0068359375 27.0068359375 984047.8515625 0.04931640625 59.814453125 0.53173828125 152.099609375
27.0068359375 27.0068359375 515151.3671875 0.38427734375 59.814453125 0.53173828125 152.099609375
27.0068359375 27.0068359375 515151.3671875 0.04931640625 491.943359375 0.53173828125 152.099609375
27.0068359375 27.0068359375 515151.3671875 0.04931640625 59.814453125 0.26904296875 152.099609375
27.0068359375 27.0068359375 515151.3671875 0.04931640625 59.814453125 0.53173828125 325.439453125
27.0068359375 33.3349609375 984047.8515625 0.38427734375 491.943359375 0.26904296875 325.439453125
45.9912109375 27.0068359375 984047.8515625 0.38427734375 491.943359375 0.26904296875 325.439453125
45.9912109375 33.3349609375 515151.3671875 0.38427734375 491.943359375 0.26904296875 325.439453125
45.9912109375 33.3349609375 984047.8515625 0.04931640625 491.943359375 0.26904296875 325.439453125
45.9912109375 33.3349609375 984047.8515625 0.38427734375 59.814453125 0.26904296875 325.439453125
45.9912109375 33.3349609375 984047.8515625 0.38427734375 491.943359375 0.53173828125 325.439453125
45.9912109375 33.3349609375 984047.8515625 0.38427734375 491.943359375 0.26904296875 152.099609375
45.9912109375 33.3349609375 984047.8515625 0.38427734375 491.943359375 0.26904296875 325.439453125
72.0068359375 72.0068359375 20151.3671875 0.54931640625 309.814453125 0.03173828125 402.099609375
90.9912109375 72.0068359375 20151.3671875 0.54931640625 309.814453125 0.03173828125 402.099609375
72.0068359375 78.3349609375 20151.3671875 0.54931640625 309.814453125 0.03173828125 402.099609375
72.0068359375 72.0068359375 489047.8515625 0.54931640625 309.814453125 0.03173828125 402.099609375
72.0068359375 72.0068359375 20151.3671875 0.88427734375 309.814453125 0.03173828125 402.099609375
72.0068359375 72.0068359375 20151.3671875 0.54931640625 241.943359375 0.03173828125 402.099609375
72.0068359375 72.0068359375 20151.3671875 0.54931640625 309.814453125 0.76904296875 402.099609375
72.0068359375 72.0068359375 20151.3671875 0.54931640625 309.814453125 0.03173828125 75.439453125
72.0068359375 78.3349609375 489047.8515625 0.88427734375 241.943359375 0.76904296875 75.439453125
90.9912109375 72.0068359375 489047.8515625 0.88427734375 241.943359375 0.76904296875 75.439453125
90.9912109375 78.3349609375 20151.3671875 0.88427734375 241.943359375 0.76904296875 75.439453125
90.9912109375 78.3349609375 489047.8515625 0.54931640625 241.943359375 0.76904296875 75.439453125
90.9912109375 78.3349609375 489047.8515625 0.88427734375 309.814453125 0.76904296875 75.439453125
90.9912109375 78.3349609375 489047.8515625 0.88427734375 241.943359375 0.03173828125 75.439453125
90.9912109375 78.3349609375 489047.8515625 0.88427734375 241.943359375 0.76904296875 402.099609375
90.9912109375 78.3349609375 489047.8515625 0.88427734375 241.943359375 0.76904296875 75.439453125
94.5068359375 49.5068359375 762651.3671875 0.29931640625 434.814453125 0.28173828125 27.099609375
68.4912109375 49.5068359375 762651.3671875 0.29931640625 434.814453125 0.28173828125 27.099609375
94.5068359375 55.8349609375 762651.3671875 0.29931640625 434.814453125 0.28173828125 27.099609375
94.5068359375 49.5068359375 241547.8515625 0.29931640625 434.814453125 0.28173828125 27.099609375
94.5068359375 49.5068359375 762651.3671875 0.63427734375 434.814453125 0.28173828125 27.099609375
94.5068359375 49.5068359375 762651.3671875 0.29931640625 116.943359375 0.28173828125 27.099609375
94.5068359375 49.5068359375 762651.3671875 0.29931640625 434.814453125 0.01904296875 27.099609375
94.5068359375 49.5068359375 762651.3671875 0.29931640625 434.814453125 0.28173828125 450.439453125
94.5068359375 55.8349609375 241547.8515625 0.63427734375 116.943359375 0.01904296875 450.439453125
68.4912109375 49.5068359375 241547.8515625 0.63427734375 116.943359375 0.01904296875 450.439453125
68.4912109375 55.8349609375 762651.3671875 0.63427734375 116.943359375 0.01904296875 450.439453125
68.4912109375 55.8349609375 241547.8515625 0.29931640625 116.943359375 0.01904296875 450.439453125
68.4912109375 55.8349609375 241547.8515625 0.63427734375 434.814453125 0.01904296875 450.439453125
68.4912109375 55.8349609375 241547.8515625 0.63427734375 116.943359375 0.28173828125 450.439453125
68.4912109375 55.8349609375 241547.8515625 0.63427734375 116.943359375 0.01904296875 27.099609375
68.4912109375 55.8349609375 241547.8515625 0.63427734375 116.943359375 0.01904296875 450.439453125
