29.775390625 105712.890625 0.1037109375 0.6767578125 0.00560546875 0.9072265625 0.0458984375 0.8994140625 250.48828125
16.240234375 105712.890625 0.1037109375 0.6767578125 0.00560546875 0.9072265625 0.0458984375 0.8994140625 250.48828125
29.775390625 94111.328125 0.1037109375 0.6767578125 0.00560546875 0.9072265625 0.0458984375 0.8994140625 250.48828125
29.775390625 105712.890625 0.0509765625 0.6767578125 0.00560546875 0.9072265625 0.0458984375 0.8994140625 250.48828125
29.775390625 105712.890625 0.1037109375 0.1611328125 0.00560546875 0.9072265625 0.0458984375 0.8994140625 250.48828125
29.775390625 105712.890625 0.1037109375 0.6767578125 0.00767578125 0.9072265625 0.0458984375 0.8994140625 250.48828125
29.775390625 105712.890625 0.1037109375 0.6767578125 0.00560546875 0.1435546875 0.0458984375 0.8994140625 250.48828125
29.775390625 105712.890625 0.1037109375 0.6767578125 0.00560546875 0.9072265625 0.3701171875 0.8994140625 250.48828125
29.775390625 105712.890625 0.1037109375 0.6767578125 0.00560546875 0.9072265625 0.0458984375 0.7197265625 250.48828125
29.775390625 105712.890625 0.1037109375 0.6767578125 0.00560546875 0.9072265625 0.0458984375 0.8994140625 172.36328125
29.775390625 94111.328125 0.0509765625 0.1611328125 0.00767578125 0.1435546875 0.3701171875 0.7197265625 172.36328125
16.240234375 105712.890625 0.0509765625 0.1611328125 0.00767578125 0.1435546875 0.3701171875 0.7197265625 172.36328125
16.240234375 94111.328125 0.1037109375 0.1611328125 0.00767578125 0.1435546875 0.3701171875 0.7197265625 172.36328125
16.240234375 94111.328125 0.0509765625 0.6767578125 0.00767578125 0.1435546875 0.3701171875 0.7197265625 172.36328125
16.240234375 94111.328125 0.0509765625 0.1611328125 0.00560546875 0.1435546875 0.3701171875 0.7197265625 172.36328125
16.240234375 94111.328125 0.0509765625 0.1611328125 0.00767578125 0.9072265625 0.3701171875 0.7197265625 172.36328125
16.240234375 94111.328125 0.0509765625 0.1611328125 0.00767578125 0.1435546875 0.0458984375 0.7197265625 172.36328125
16.240234375 94111.328125 0.0509765625 0.1611328125 0.00767578125 0.1435546875 0.3701171875 0.8994140625 172.36328125
16.240234375 94111.328125 0.0509765625 0.1611328125 0.00767578125 0.1435546875 0.3701171875 0.7197265625 250.48828125
16.240234375 94111.328125 0.0509765625 0.1611328125 0.00767578125 0.1435546875 0.3701171875 0.7197265625 172.36328125
74.775390625 600712.890625 0.0037109375000000003 0.1767578125 0.01560546875 0.4072265625 0.5458984375 0.3994140625 0.48828125
61.240234375 600712.890625 0.0037109375000000003 0.1767578125 0.01560546875 0.4072265625 0.5458984375 0.3994140625 0.48828125
74.775390625 589111.328125 0.0037109375000000003 0.1767578125 0.01560546875 0.4072265625 0.5458984375 0.3994140625 0.48828125
74.775390625 600712.890625 0.15097656250000002 0.1767578125 0.01560546875 0.4072265625 0.5458984375 0.3994140625 0.48828125
74.775390625 600712.890625 0.0037109375000000003 0.6611328125 0.01560546875 0.4072265625 0.5458984375 0.3994140625 0.48828125
74.775390625 600712.890625 0.0037109375000000003 0.1767578125 0.01767578125 0.4072265625 0.5458984375 0.3994140625 0.48828125
74.775390625 600712.890625 0.0037109375000000003 0.1767578125 0.01560546875 0.6435546875 0.5458984375 0.3994140625 0.48828125
74.775390625 600712.890625 0.0037109375000000003 0.1767578125 0.01560546875 0.4072265625 0.8701171875 0.3994140625 0.48828125
74.775390625 600712.890625 0.0037109375000000003 0.1767578125 0.01560546875 0.4072265625 0.5458984375 0.2197265625 0.48828125
74.775390625 600712.890625 0.0037109375000000003 0.1767578125 0.01560546875 0.4072265625 0.5458984375 0.3994140625 422.36328125
74.775390625 589111.328125 0.15097656250000002 0.6611328125 0.01767578125 0.6435546875 0.8701171875 0.2197265625 422.36328125
61.240234375 600712.890625 0.15097656250000002 0.6611328125 0.01767578125 0.6435546875 0.8701171875 0.2197265625 422.36328125
61.240234375 589111.328125 0.0037109375000000003 0.6611328125 0.01767578125 0.6435546875 0.8701171875 0.2197265625 422.36328125
61.240234375 589111.328125 0.15097656250000002 0.1767578125 0.01767578125 0.6435546875 0.8701171875 0.2197265625 422.36328125
61.240234375 589111.328125 0.15097656250000002 0.6611328125 0.01560546875 0.6435546875 0.8701171875 0.2197265625 422.36328125
61.240234375 589111.328125 0.15097656250000002 0.6611328125 0.01767578125 0.4072265625 0.8701171875 0.2197265625 422.36328125
61.240234375 589111.328125 0.15097656250000002 0.6611328125 0.01767578125 0.6435546875 0.5458984375 0.2197265625 422.36328125
61.240234375 589111.328125 0.15097656250000002 0.6611328125 0.01767578125 0.6435546875 0.8701171875 0.3994140625 422.36328125
61.240234375 589111.328125 0.15097656250000002 0.6611328125 0.01767578125 0.6435546875 0.8701171875 0.2197265625 0.48828125
61.240234375 589111.328125 0.15097656250000002 0.6611328125 0.01767578125 0.6435546875 0.8701171875 0.2197265625 422.36328125
97.275390625 353212.890625 0.1537109375 0.9267578125 0.01060546875 0.1572265625 0.2958984375 0.1494140625 125.48828125
83.740234375 353212.890625 0.1537109375 0.9267578125 0.01060546875 0.1572265625 0.2958984375 0.1494140625 125.48828125
97.275390625 836611.328125 0.1537109375 0.9267578125 0.01060546875 0.1572265625 0.2958984375 0.1494140625 125.48828125
97.275390625 353212.890625 0.1009765625 0.9267578125 0.01060546875 0.1572265625 0.2958984375 0.1494140625 125.48828125
97.275390625 353212.890625 0.1537109375 0.4111328125 0.01060546875 0.1572265625 0.2958984375 0.1494140625 125.48828125
97.275390625 353212.890625 0.1537109375 0.9267578125 0.00267578125 0.1572265625 0.2958984375 0.1494140625 125.48828125
97.275390625 353212.890625 0.1537109375 0.9267578125 0.01060546875 0.8935546875 0.2958984375 0.1494140625 125.48828125
97.275390625 353212.890625 0.1537109375 0.9267578125 0.01060546875 0.1572265625 0.1201171875 0.1494140625 125.48828125
97.275390625 353212.890625 0.1537109375 0.9267578125 0.01060546875 0.1572265625 0.2958984375 0.4697265625 125.48828125
97.275390625 353212.890625 0.1537109375 0.9267578125 0.01060546875 0.1572265625 0.2958984375 0.1494140625 47.36328125
97.275390625 836611.328125 0.1009765625 0.4111328125 0.00267578125 0.8935546875 0.1201171875 0.4697265625 47.36328125
83.740234375 353212.890625 0.1009765625 0.4111328125 0.00267578125 0.8935546875 0.1201171875 0.4697265625 47.36328125
83.740234375 836611.328125 0.1537109375 0.4111328125 0.00267578125 0.8935546875 0.1201171875 0.4697265625 47.36328125
83.740234375 836611.328125 0.1009765625 0.9267578125 0.00267578125 0.8935546875 0.1201171875 0.4697265625 47.36328125
83.740234375 836611.328125 0.1009765625 0.4111328125 0.01060546875 0.8935546875 0.1201171875 0.4697265625 47.36328125
83.740234375 836611.328125 0.1009765625 0.4111328125 0.00267578125 0.1572265625 0.1201171875 0.4697265625 47.36328125
83.740234375 836611.328125 0.1009765625 0.4111328125 0.00267578125 0.8935546875 0.2958984375 0.4697265625 47.36328125
83.740234375 836611.328125 0.1009765625 0.4111328125 0.00267578125 0.8935546875 0.1201171875 0.1494140625 47.36328125
83.740234375 836611.328125 0.1009765625 0.4111328125 0.00267578125 0.8935546875 0.1201171875 0.4697265625 125.48828125
83.740234375 836611.328125 0.1009765625 0.4111328125 0.00267578125 0.8935546875 0.1201171875 0.4697265625 47.36328125
52.275390625 848212.890625 0.0537109375 0.4267578125 6.0546875E-4 0.6572265625 0.7958984375 0.6494140625 375.48828125
38.740234375 848212.890625 0.0537109375 0.4267578125 6.0546875E-4 0.6572265625 0.7958984375 0.6494140625 375.48828125
52.275390625 341611.328125 0.0537109375 0.4267578125 6.0546875E-4 0.6572265625 0.7958984375 0.6494140625 375.48828125
52.275390625 848212.890625 9.765625E-4 0.4267578125 6.0546875E-4 0.6572265625 0.7958984375 0.6494140625 375.48828125
52.275390625 848212.890625 0.0537109375 0.9111328125 6.0546875E-4 0.6572265625 0.7958984375 0.6494140625 375.48828125
52.275390625 848212.890625 0.0537109375 0.4267578125 0.01267578125 0.6572265625 0.7958984375 0.6494140625 375.48828125
52.275390625 848212.890625 0.0537109375 0.4267578125 6.0546875E-4 0.3935546875 0.7958984375 0.6494140625 375.48828125
52.275390625 848212.890625 0.0537109375 0.4267578125 6.0546875E-4 0.6572265625 0.6201171875 0.6494140625 375.48828125
52.275390625 848212.890625 0.0537109375 0.4267578125 6.0546875E-4 0.6572265625 0.7958984375 0.9697265625 375.48828125
52.275390625 848212.890625 0.0537109375 0.4267578125 6.0546875E-4 0.6572265625 0.7958984375 0.6494140625 297.36328125
52.275390625 341611.328125 9.765625E-4 0.9111328125 0.01267578125 0.3935546875 0.6201171875 0.9697265625 297.36328125
38.740234375 848212.890625 9.765625E-4 0.9111328125 0.01267578125 0.3935546875 0.6201171875 0.9697265625 297.36328125
38.740234375 341611.328125 0.0537109375 0.9111328125 0.01267578125 0.3935546875 0.6201171875 0.9697265625 297.36328125
38.740234375 341611.328125 9.765625E-4 0.4267578125 0.01267578125 0.3935546875 0.6201171875 0.9697265625 297.36328125
38.740234375 341611.328125 9.765625E-4 0.9111328125 6.0546875E-4 0.3935546875 0.6201171875 0.9697265625 297.36328125
38.740234375 341611.328125 9.765625E-4 0.9111328125 0.01267578125 0.6572265625 0.6201171875 0.9697265625 297.36328125
38.740234375 341611.328125 9.765625E-4 0.9111328125 0.01267578125 0.3935546875 0.7958984375 0.9697265625 297.36328125
38.740234375 341611.328125 9.765625E-4 0.9111328125 0.01267578125 0.3935546875 0.6201171875 0.6494140625 297.36328125
38.740234375 341611.328125 9.765625E-4 0.9111328125 0.01267578125 0.3935546875 0.6201171875 0.9697265625 375.48828125
38.740234375 341611.328125 9.765625E-4 0.9111328125 0.01267578125 0.3935546875 0.6201171875 0.9697265625 297.36328125
41.025390625 476962.890625 0.028710937500000002 0.3017578125 0.00310546875 0.7822265625 0.4208984375 0.0244140625 187.98828125
72.490234375 476962.890625 0.028710937500000002 0.3017578125 0.00310546875 0.7822265625 0.4208984375 0.0244140625 187.98828125
41.025390625 960361.328125 0.028710937500000002 0.3017578125 0.00310546875 0.7822265625 0.4208984375 0.0244140625 187.98828125
41.025390625 476962.890625 0.0259765625 0.3017578125 0.00310546875 0.7822265625 0.4208984375 0.0244140625 187.98828125
41.025390625 476962.890625 0.028710937500000002 0.2861328125 0.00310546875 0.7822265625 0.4208984375 0.0244140625 187.98828125
41.025390625 476962.890625 0.028710937500000002 0.3017578125 0.015175781250000001 0.7822265625 0.4208984375 0.0244140625 187.98828125
41.025390625 476962.890625 0.028710937500000002 0.3017578125 0.00310546875 0.2685546875 0.4208984375 0.0244140625 187.98828125
41.025390625 476962.890625 0.028710937500000002 0.3017578125 0.00310546875 0.7822265625 0.7451171875 0.0244140625 187.98828125
41.025390625 476962.890625 0.028710937500000002 0.3017578125 0.00310546875 0.7822265625 0.4208984375 0.8447265625 187.98828125
41.025390625 476962.890625 0.028710937500000002 0.3017578125 0.00310546875 0.7822265625 0.4208984375 0.0244140625 359.86328125
41.025390625 960361.328125 0.0259765625 0.2861328125 0.015175781250000001 0.2685546875 0.7451171875 0.8447265625 359.86328125
72.490234375 476962.890625 0.0259765625 0.2861328125 0.015175781250000001 0.2685546875 0.7451171875 0.8447265625 359.86328125
72.490234375 960361.328125 0.028710937500000002 0.2861328125 0.015175781250000001 0.2685546875 0.7451171875 0.8447265625 359.86328125
72.490234375 960361.328125 0.0259765625 0.3017578125 0.015175781250000001 0.2685546875 0.7451171875 0.8447265625 359.86328125
72.490234375 960361.328125 0.0259765625 0.2861328125 0.00310546875 0.2685546875 0.7451171875 0.8447265625 359.86328125
72.490234375 960361.328125 0.0259765625 0.2861328125 0.015175781250000001 0.7822265625 0.7451171875 0.8447265625 359.86328125
72.490234375 960361.328125 0.0259765625 0.2861328125 0.015175781250000001 0.2685546875 0.4208984375 0.8447265625 359.86328125
72.490234375 960361.328125 0.0259765625 0.2861328125 0.015175781250000001 0.2685546875 0.7451171875 0.0244140625 359.86328125
72.490234375 960361.328125 0.0259765625 0.2861328125 0.015175781250000001 0.2685546875 0.7451171875 0.8447265625 187.98828125
72.490234375 960361.328125 0.0259765625 0.2861328125 0.015175781250000001 0.2685546875 0.7451171875 0.8447265625 359.86328125
86.025390625 971962.890625 0.1287109375 0.8017578125 0.01310546875 0.2822265625 0.9208984375 0.5244140625 437.98828125
27.490234375 971962.890625 0.1287109375 0.8017578125 0.01310546875 0.2822265625 0.9208984375 0.5244140625 437.98828125
86.025390625 465361.328125 0.1287109375 0.8017578125 0.01310546875 0.2822265625 0.9208984375 0.5244140625 437.98828125
86.025390625 971962.890625 0.1259765625 0.8017578125 0.01310546875 0.2822265625 0.9208984375 0.5244140625 437.98828125
86.025390625 971962.890625 0.1287109375 0.7861328125 0.01310546875 0.2822265625 0.9208984375 0.5244140625 437.98828125
86.025390625 971962.890625 0.1287109375 0.8017578125 0.00517578125 0.2822265625 0.9208984375 0.5244140625 437.98828125
86.025390625 971962.890625 0.1287109375 0.8017578125 0.01310546875 0.7685546875 0.9208984375 0.5244140625 437.98828125
86.025390625 971962.890625 0.1287109375 0.8017578125 0.01310546875 0.2822265625 0.2451171875 0.5244140625 437.98828125
86.025390625 971962.890625 0.1287109375 0.8017578125 0.01310546875 0.2822265625 0.9208984375 0.3447265625 437.98828125
86.025390625 971962.890625 0.1287109375 0.8017578125 0.01310546875 0.2822265625 0.9208984375 0.5244140625 109.86328125
86.025390625 465361.328125 0.1259765625 0.7861328125 0.00517578125 0.7685546875 0.2451171875 0.3447265625 109.86328125
27.490234375 971962.890625 0.1259765625 0.7861328125 0.00517578125 0.7685546875 0.2451171875 0.3447265625 109.86328125
27.490234375 465361.328125 0.1287109375 0.7861328125 0.00517578125 0.7685546875 0.2451171875 0.3447265625 109.86328125
27.490234375 465361.328125 0.1259765625 0.8017578125 0.00517578125 0.7685546875 0.2451171875 0.3447265625 109.86328125
27.490234375 465361.328125 0.1259765625 0.7861328125 0.01310546875 0.7685546875 0.2451171875 0.3447265625 109.86328125
27.490234375 465361.328125 0.1259765625 0.7861328125 0.00517578125 0.2822265625 0.2451171875 0.3447265625 109.86328125
27.490234375 465361.328125 0.1259765625 0.7861328125 0.00517578125 0.7685546875 0.9208984375 0.3447265625 109.86328125
27.490234375 465361.328125 0.1259765625 0.7861328125 0.00517578125 0.7685546875 0.2451171875 0.5244140625 109.86328125
27.490234375 465361.328125 0.1259765625 0.7861328125 0.00517578125 0.7685546875 0.2451171875 0.3447265625 437.98828125
27.490234375 465361.328125 0.1259765625 0.7861328125 0.00517578125 0.7685546875 0.2451171875 0.3447265625 109.86328125
63.525390625 229462.890625 0.07871093750000001 0.0517578125 0.01810546875 0.0322265625 0.1708984375 0.7744140625 312.98828125
49.990234375 229462.890625 0.07871093750000001 0.0517578125 0.01810546875 0.0322265625 0.1708984375 0.7744140625 312.98828125
63.525390625 217861.328125 0.07871093750000001 0.0517578125 0.01810546875 0.0322265625 0.1708984375 0.7744140625 312.98828125
63.525390625 229462.890625 0.17597656250000002 0.0517578125 0.01810546875 0.0322265625 0.1708984375 0.7744140625 312.98828125
63.525390625 229462.890625 0.07871093750000001 0.0361328125 0.01810546875 0.0322265625 0.1708984375 0.7744140625 312.98828125
63.525390625 229462.890625 0.07871093750000001 0.0517578125 0.01017578125 0.0322265625 0.1708984375 0.7744140625 312.98828125
63.525390625 229462.890625 0.07871093750000001 0.0517578125 0.01810546875 0.5185546875 0.1708984375 0.7744140625 312.98828125
63.525390625 229462.890625 0.07871093750000001 0.0517578125 0.01810546875 0.0322265625 0.9951171875 0.7744140625 312.98828125
63.525390625 229462.890625 0.07871093750000001 0.0517578125 0.01810546875 0.0322265625 0.1708984375 0.0947265625 312.98828125
63.525390625 229462.890625 0.07871093750000001 0.0517578125 0.01810546875 0.0322265625 0.1708984375 0.7744140625 484.86328125
63.525390625 217861.328125 0.17597656250000002 0.0361328125 0.01017578125 0.5185546875 0.9951171875 0.0947265625 484.86328125
49.990234375 229462.890625 0.17597656250000002 0.0361328125 0.01017578125 0.5185546875 0.9951171875 0.0947265625 484.86328125
49.990234375 217861.328125 0.07871093750000001 0.0361328125 0.01017578125 0.5185546875 0.9951171875 0.0947265625 484.86328125
49.990234375 217861.328125 0.17597656250000002 0.0517578125 0.01017578125 0.5185546875 0.9951171875 0.0947265625 484.86328125
49.990234375 217861.328125 0.17597656250000002 0.0361328125 0.01810546875 0.5185546875 0.9951171875 0.0947265625 484.86328125
49.990234375 217861.328125 0.17597656250000002 0.0361328125 0.01017578125 0.0322265625 0.9951171875 0.0947265625 484.86328125
49.990234375 217861.328125 0.17597656250000002 0.0361328125 0.01017578125 0.5185546875 0.1708984375 0.0947265625 484.86328125
49.990234375 217861.328125 0.17597656250000002 0.0361328125 0.01017578125 0.5185546875 0.9951171875 0.7744140625 484.86328125
49.990234375 217861.328125 0.17597656250000002 0.0361328125 0.01017578125 0.5185546875 0.9951171875 0.0947265625 312.98828125
49.990234375 217861.328125 0.17597656250000002 0.0361328125 0.01017578125 0.5185546875 0.9951171875 0.0947265625 484.86328125
18.525390625 724462.890625 0.1787109375 0.5517578125 0.00810546875 0.5322265625 0.6708984375 0.2744140625 62.98828125
94.990234375 724462.890625 0.1787109375 0.5517578125 0.00810546875 0.5322265625 0.6708984375 0.2744140625 62.98828125
18.525390625 712861.328125 0.1787109375 0.5517578125 0.00810546875 0.5322265625 0.6708984375 0.2744140625 62.98828125
18.525390625 724462.890625 0.07597656250000001 0.5517578125 0.00810546875 0.5322265625 0.6708984375 0.2744140625 62.98828125
18.525390625 724462.890625 0.1787109375 0.5361328125 0.00810546875 0.5322265625 0.6708984375 0.2744140625 62.98828125
18.525390625 724462.890625 0.1787109375 0.5517578125 1.7578125E-4 0.5322265625 0.6708984375 0.2744140625 62.98828125
18.525390625 724462.890625 0.1787109375 0.5517578125 0.00810546875 0.0185546875 0.6708984375 0.2744140625 62.98828125
18.525390625 724462.890625 0.1787109375 0.5517578125 0.00810546875 0.5322265625 0.4951171875 0.2744140625 62.98828125
18.525390625 724462.890625 0.1787109375 0.5517578125 0.00810546875 0.5322265625 0.6708984375 0.5947265625 62.98828125
18.525390625 724462.890625 0.1787109375 0.5517578125 0.00810546875 0.5322265625 0.6708984375 0.2744140625 234.86328125
18.525390625 712861.328125 0.07597656250000001 0.5361328125 1.7578125E-4 0.0185546875 0.4951171875 0.5947265625 234.86328125
94.990234375 724462.890625 0.07597656250000001 0.5361328125 1.7578125E-4 0.0185546875 0.4951171875 0.5947265625 234.86328125
94.990234375 712861.328125 0.1787109375 0.5361328125 1.7578125E-4 0.0185546875 0.4951171875 0.5947265625 234.86328125
94.990234375 712861.328125 0.07597656250000001 0.5517578125 1.7578125E-4 0.0185546875 0.4951171875 0.5947265625 234.86328125
94.990234375 712861.328125 0.07597656250000001 0.5361328125 0.00810546875 0.0185546875 0.4951171875 0.5947265625 234.86328125
94.990234375 712861.328125 0.07597656250000001 0.5361328125 1.7578125E-4 0.5322265625 0.4951171875 0.5947265625 234.86328125
94.990234375 712861.328125 0.07597656250000001 0.5361328125 1.7578125E-4 0.0185546875 0.6708984375 0.5947265625 234.86328125
94.990234375 712861.328125 0.07597656250000001 0.5361328125 1.7578125E-4 0.0185546875 0.4951171875 0.2744140625 234.86328125
94.990234375 712861.328125 0.07597656250000001 0.5361328125 1.7578125E-4 0.0185546875 0.4951171875 0.5947265625 62.98828125
94.990234375 712861.328125 0.07597656250000001 0.5361328125 1.7578125E-4 0.0185546875 0.4951171875 0.5947265625 234.86328125
15.712890625 198525.390625 0.009960937500000001 0.4580078125 0.012480468750000001 0.2509765625 0.9521484375 0.8056640625 16.11328125
47.177734375 198525.390625 0.009960937500000001 0.4580078125 0.012480468750000001 0.2509765625 0.9521484375 0.8056640625 16.11328125
15.712890625 743798.828125 0.009960937500000001 0.4580078125 0.012480468750000001 0.2509765625 0.9521484375 0.8056640625 16.11328125
15.712890625 198525.390625 0.044726562500000004 0.4580078125 0.012480468750000001 0.2509765625 0.9521484375 0.8056640625 16.11328125
15.712890625 198525.390625 0.009960937500000001 0.4423828125 0.012480468750000001 0.2509765625 0.9521484375 0.8056640625 16.11328125
15.712890625 198525.390625 0.009960937500000001 0.4580078125 0.00455078125 0.2509765625 0.9521484375 0.8056640625 16.11328125
15.712890625 198525.390625 0.009960937500000001 0.4580078125 0.012480468750000001 0.6748046875 0.9521484375 0.8056640625 16.11328125
15.712890625 198525.390625 0.009960937500000001 0.4580078125 0.012480468750000001 0.2509765625 0.6513671875 0.8056640625 16.11328125
15.712890625 198525.390625 0.009960937500000001 0.4580078125 0.012480468750000001 0.2509765625 0.9521484375 0.6259765625 16.11328125
15.712890625 198525.390625 0.009960937500000001 0.4580078125 0.012480468750000001 0.2509765625 0.9521484375 0.8056640625 31.73828125
15.712890625 743798.828125 0.044726562500000004 0.4423828125 0.00455078125 0.6748046875 0.6513671875 0.6259765625 31.73828125
47.177734375 198525.390625 0.044726562500000004 0.4423828125 0.00455078125 0.6748046875 0.6513671875 0.6259765625 31.73828125
47.177734375 743798.828125 0.009960937500000001 0.4423828125 0.00455078125 0.6748046875 0.6513671875 0.6259765625 31.73828125
47.177734375 743798.828125 0.044726562500000004 0.4580078125 0.00455078125 0.6748046875 0.6513671875 0.6259765625 31.73828125
47.177734375 743798.828125 0.044726562500000004 0.4423828125 0.012480468750000001 0.6748046875 0.6513671875 0.6259765625 31.73828125
47.177734375 743798.828125 0.044726562500000004 0.4423828125 0.00455078125 0.2509765625 0.6513671875 0.6259765625 31.73828125
47.177734375 743798.828125 0.044726562500000004 0.4423828125 0.00455078125 0.6748046875 0.9521484375 0.6259765625 31.73828125
47.177734375 743798.828125 0.044726562500000004 0.4423828125 0.00455078125 0.6748046875 0.6513671875 0.8056640625 31.73828125
47.177734375 743798.828125 0.044726562500000004 0.4423828125 0.00455078125 0.6748046875 0.6513671875 0.6259765625 16.11328125
47.177734375 743798.828125 0.044726562500000004 0.4423828125 0.00455078125 0.6748046875 0.6513671875 0.6259765625 31.73828125
60.712890625 693525.390625 0.10996093750000001 0.9580078125 0.00248046875 0.7509765625 0.4521484375 0.3056640625 266.11328125
92.177734375 693525.390625 0.10996093750000001 0.9580078125 0.00248046875 0.7509765625 0.4521484375 0.3056640625 266.11328125
60.712890625 248798.828125 0.10996093750000001 0.9580078125 0.00248046875 0.7509765625 0.4521484375 0.3056640625 266.11328125
60.712890625 693525.390625 0.14472656250000002 0.9580078125 0.00248046875 0.7509765625 0.4521484375 0.3056640625 266.11328125
60.712890625 693525.390625 0.10996093750000001 0.9423828125 0.00248046875 0.7509765625 0.4521484375 0.3056640625 266.11328125
60.712890625 693525.390625 0.10996093750000001 0.9580078125 0.01455078125 0.7509765625 0.4521484375 0.3056640625 266.11328125
60.712890625 693525.390625 0.10996093750000001 0.9580078125 0.00248046875 0.1748046875 0.4521484375 0.3056640625 266.11328125
60.712890625 693525.390625 0.10996093750000001 0.9580078125 0.00248046875 0.7509765625 0.1513671875 0.3056640625 266.11328125
60.712890625 693525.390625 0.10996093750000001 0.9580078125 0.00248046875 0.7509765625 0.4521484375 0.1259765625 266.11328125
60.712890625 693525.390625 0.10996093750000001 0.9580078125 0.00248046875 0.7509765625 0.4521484375 0.3056640625 281.73828125
60.712890625 248798.828125 0.14472656250000002 0.9423828125 0.01455078125 0.1748046875 0.1513671875 0.1259765625 281.73828125
92.177734375 693525.390625 0.14472656250000002 0.9423828125 0.01455078125 0.1748046875 0.1513671875 0.1259765625 281.73828125
92.177734375 248798.828125 0.10996093750000001 0.9423828125 0.01455078125 0.1748046875 0.1513671875 0.1259765625 281.73828125
92.177734375 248798.828125 0.14472656250000002 0.9580078125 0.01455078125 0.1748046875 0.1513671875 0.1259765625 281.73828125
92.177734375 248798.828125 0.14472656250000002 0.9423828125 0.00248046875 0.1748046875 0.1513671875 0.1259765625 281.73828125
92.177734375 248798.828125 0.14472656250000002 0.9423828125 0.01455078125 0.7509765625 0.1513671875 0.1259765625 281.73828125
92.177734375 248798.828125 0.14472656250000002 0.9423828125 0.01455078125 0.1748046875 0.4521484375 0.1259765625 281.73828125
92.177734375 248798.828125 0.14472656250000002 0.9423828125 0.01455078125 0.1748046875 0.1513671875 0.3056640625 281.73828125
92.177734375 248798.828125 0.14472656250000002 0.9423828125 0.01455078125 0.1748046875 0.1513671875 0.1259765625 266.11328125
92.177734375 248798.828125 0.14472656250000002 0.9423828125 0.01455078125 0.1748046875 0.1513671875 0.1259765625 281.73828125
83.212890625 446025.390625 0.059960937500000006 0.2080078125 0.00748046875 0.5009765625 0.7021484375 0.0556640625 391.11328125
69.677734375 446025.390625 0.059960937500000006 0.2080078125 0.00748046875 0.5009765625 0.7021484375 0.0556640625 391.11328125
83.212890625 496298.828125 0.059960937500000006 0.2080078125 0.00748046875 0.5009765625 0.7021484375 0.0556640625 391.11328125
83.212890625 446025.390625 0.1947265625 0.2080078125 0.00748046875 0.5009765625 0.7021484375 0.0556640625 391.11328125
83.212890625 446025.390625 0.059960937500000006 0.1923828125 0.00748046875 0.5009765625 0.7021484375 0.0556640625 391.11328125
83.212890625 446025.390625 0.059960937500000006 0.2080078125 0.00955078125 0.5009765625 0.7021484375 0.0556640625 391.11328125
83.212890625 446025.390625 0.059960937500000006 0.2080078125 0.00748046875 0.4248046875 0.7021484375 0.0556640625 391.11328125
83.212890625 446025.390625 0.059960937500000006 0.2080078125 0.00748046875 0.5009765625 0.9013671875 0.0556640625 391.11328125
83.212890625 446025.390625 0.059960937500000006 0.2080078125 0.00748046875 0.5009765625 0.7021484375 0.3759765625 391.11328125
83.212890625 446025.390625 0.059960937500000006 0.2080078125 0.00748046875 0.5009765625 0.7021484375 0.0556640625 156.73828125
83.212890625 496298.828125 0.1947265625 0.1923828125 0.00955078125 0.4248046875 0.9013671875 0.3759765625 156.73828125
69.677734375 446025.390625 0.1947265625 0.1923828125 0.00955078125 0.4248046875 0.9013671875 0.3759765625 156.73828125
69.677734375 496298.828125 0.059960937500000006 0.1923828125 0.00955078125 0.4248046875 0.9013671875 0.3759765625 156.73828125
69.677734375 496298.828125 0.1947265625 0.2080078125 0.00955078125 0.4248046875 0.9013671875 0.3759765625 156.73828125
69.677734375 496298.828125 0.1947265625 0.1923828125 0.00748046875 0.4248046875 0.9013671875 0.3759765625 156.73828125
69.677734375 496298.828125 0.1947265625 0.1923828125 0.00955078125 0.5009765625 0.9013671875 0.3759765625 156.73828125
69.677734375 496298.828125 0.1947265625 0.1923828125 0.00955078125 0.4248046875 0.7021484375 0.3759765625 156.73828125
69.677734375 496298.828125 0.1947265625 0.1923828125 0.00955078125 0.4248046875 0.9013671875 0.0556640625 156.73828125
69.677734375 496298.828125 0.1947265625 0.1923828125 0.00955078125 0.4248046875 0.9013671875 0.3759765625 391.11328125
69.677734375 496298.828125 0.1947265625 0.1923828125 0.00955078125 0.4248046875 0.9013671875 0.3759765625 156.73828125
38.212890625 941025.390625 0.1599609375 0.7080078125 0.017480468750000002 9.765625E-4 0.2021484375 0.5556640625 141.11328125
24.677734375 941025.390625 0.1599609375 0.7080078125 0.017480468750000002 9.765625E-4 0.2021484375 0.5556640625 141.11328125
38.212890625 991298.828125 0.1599609375 0.7080078125 0.017480468750000002 9.765625E-4 0.2021484375 0.5556640625 141.11328125
38.212890625 941025.390625 0.0947265625 0.7080078125 0.017480468750000002 9.765625E-4 0.2021484375 0.5556640625 141.11328125
38.212890625 941025.390625 0.1599609375 0.6923828125 0.017480468750000002 9.765625E-4 0.2021484375 0.5556640625 141.11328125
38.212890625 941025.390625 0.1599609375 0.7080078125 0.01955078125 9.765625E-4 0.2021484375 0.5556640625 141.11328125
38.212890625 941025.390625 0.1599609375 0.7080078125 0.017480468750000002 0.9248046875 0.2021484375 0.5556640625 141.11328125
38.212890625 941025.390625 0.1599609375 0.7080078125 0.017480468750000002 9.765625E-4 0.4013671875 0.5556640625 141.11328125
38.212890625 941025.390625 0.1599609375 0.7080078125 0.017480468750000002 9.765625E-4 0.2021484375 0.8759765625 141.11328125
38.212890625 941025.390625 0.1599609375 0.7080078125 0.017480468750000002 9.765625E-4 0.2021484375 0.5556640625 406.73828125
38.212890625 991298.828125 0.0947265625 0.6923828125 0.01955078125 0.9248046875 0.4013671875 0.8759765625 406.73828125
24.677734375 941025.390625 0.0947265625 0.6923828125 0.01955078125 0.9248046875 0.4013671875 0.8759765625 406.73828125
24.677734375 991298.828125 0.1599609375 0.6923828125 0.01955078125 0.9248046875 0.4013671875 0.8759765625 406.73828125
24.677734375 991298.828125 0.0947265625 0.7080078125 0.01955078125 0.9248046875 0.4013671875 0.8759765625 406.73828125
24.677734375 991298.828125 0.0947265625 0.6923828125 0.017480468750000002 0.9248046875 0.4013671875 0.8759765625 406.73828125
24.677734375 991298.828125 0.0947265625 0.6923828125 0.01955078125 9.765625E-4 0.4013671875 0.8759765625 406.73828125
24.677734375 991298.828125 0.0947265625 0.6923828125 0.01955078125 0.9248046875 0.2021484375 0.8759765625 406.73828125
24.677734375 991298.828125 0.0947265625 0.6923828125 0.01955078125 0.9248046875 0.4013671875 0.5556640625 406.73828125
24.677734375 991298.828125 0.0947265625 0.6923828125 0.01955078125 0.9248046875 0.4013671875 0.8759765625 141.11328125
24.677734375 991298.828125 0.0947265625 0.6923828125 0.01955078125 0.9248046875 0.4013671875 0.8759765625 406.73828125
49.462890625 322275.390625 0.13496093750000002 0.5830078125 0.01998046875 0.3759765625 0.5771484375 0.1806640625 453.61328125
80.927734375 322275.390625 0.13496093750000002 0.5830078125 0.01998046875 0.3759765625 0.5771484375 0.1806640625 453.61328125
49.462890625 372548.828125 0.13496093750000002 0.5830078125 0.01998046875 0.3759765625 0.5771484375 0.1806640625 453.61328125
49.462890625 322275.390625 0.0697265625 0.5830078125 0.01998046875 0.3759765625 0.5771484375 0.1806640625 453.61328125
49.462890625 322275.390625 0.13496093750000002 0.0673828125 0.01998046875 0.3759765625 0.5771484375 0.1806640625 453.61328125
49.462890625 322275.390625 0.13496093750000002 0.5830078125 0.01205078125 0.3759765625 0.5771484375 0.1806640625 453.61328125
49.462890625 322275.390625 0.13496093750000002 0.5830078125 0.01998046875 0.7998046875 0.5771484375 0.1806640625 453.61328125
49.462890625 322275.390625 0.13496093750000002 0.5830078125 0.01998046875 0.3759765625 0.2763671875 0.1806640625 453.61328125
49.462890625 322275.390625 0.13496093750000002 0.5830078125 0.01998046875 0.3759765625 0.5771484375 0.7509765625 453.61328125
49.462890625 322275.390625 0.13496093750000002 0.5830078125 0.01998046875 0.3759765625 0.5771484375 0.1806640625 469.23828125
49.462890625 372548.828125 0.0697265625 0.0673828125 0.01205078125 0.7998046875 0.2763671875 0.7509765625 469.23828125
80.927734375 322275.390625 0.0697265625 0.0673828125 0.01205078125 0.7998046875 0.2763671875 0.7509765625 469.23828125
80.927734375 372548.828125 0.13496093750000002 0.0673828125 0.01205078125 0.7998046875 0.2763671875 0.7509765625 469.23828125
80.927734375 372548.828125 0.0697265625 0.5830078125 0.01205078125 0.7998046875 0.2763671875 0.7509765625 469.23828125
80.927734375 372548.828125 0.0697265625 0.0673828125 0.01998046875 0.7998046875 0.2763671875 0.7509765625 469.23828125
80.927734375 372548.828125 0.0697265625 0.0673828125 0.01205078125 0.3759765625 0.2763671875 0.7509765625 469.23828125
80.927734375 372548.828125 0.0697265625 0.0673828125 0.01205078125 0.7998046875 0.5771484375 0.7509765625 469.23828125
80.927734375 372548.828125 0.0697265625 0.0673828125 0.01205078125 0.7998046875 0.2763671875 0.1806640625 469.23828125
80.927734375 372548.828125 0.0697265625 0.0673828125 0.01205078125 0.7998046875 0.2763671875 0.7509765625 453.61328125
80.927734375 372548.828125 0.0697265625 0.0673828125 0.01205078125 0.7998046875 0.2763671875 0.7509765625 469.23828125
94.462890625 817275.390625 0.034960937500000004 0.0830078125 0.00998046875 0.8759765625 0.0771484375 0.6806640625 203.61328125
35.927734375 817275.390625 0.034960937500000004 0.0830078125 0.00998046875 0.8759765625 0.0771484375 0.6806640625 203.61328125
94.462890625 867548.828125 0.034960937500000004 0.0830078125 0.00998046875 0.8759765625 0.0771484375 0.6806640625 203.61328125
94.462890625 817275.390625 0.1697265625 0.0830078125 0.00998046875 0.8759765625 0.0771484375 0.6806640625 203.61328125
94.462890625 817275.390625 0.034960937500000004 0.5673828125 0.00998046875 0.8759765625 0.0771484375 0.6806640625 203.61328125
94.462890625 817275.390625 0.034960937500000004 0.0830078125 0.00205078125 0.8759765625 0.0771484375 0.6806640625 203.61328125
94.462890625 817275.390625 0.034960937500000004 0.0830078125 0.00998046875 0.2998046875 0.0771484375 0.6806640625 203.61328125
94.462890625 817275.390625 0.034960937500000004 0.0830078125 0.00998046875 0.8759765625 0.7763671875 0.6806640625 203.61328125
94.462890625 817275.390625 0.034960937500000004 0.0830078125 0.00998046875 0.8759765625 0.0771484375 0.2509765625 203.61328125
94.462890625 817275.390625 0.034960937500000004 0.0830078125 0.00998046875 0.8759765625 0.0771484375 0.6806640625 219.23828125
94.462890625 867548.828125 0.1697265625 0.5673828125 0.00205078125 0.2998046875 0.7763671875 0.2509765625 219.23828125
35.927734375 817275.390625 0.1697265625 0.5673828125 0.00205078125 0.2998046875 0.7763671875 0.2509765625 219.23828125
35.927734375 867548.828125 0.034960937500000004 0.5673828125 0.00205078125 0.2998046875 0.7763671875 0.2509765625 219.23828125
35.927734375 867548.828125 0.1697265625 0.0830078125 0.00205078125 0.2998046875 0.7763671875 0.2509765625 219.23828125
35.927734375 867548.828125 0.1697265625 0.5673828125 0.00998046875 0.2998046875 0.7763671875 0.2509765625 219.23828125
35.927734375 867548.828125 0.1697265625 0.5673828125 0.00205078125 0.8759765625 0.7763671875 0.2509765625 219.23828125
35.927734375 867548.828125 0.1697265625 0.5673828125 0.00205078125 0.2998046875 0.0771484375 0.2509765625 219.23828125
35.927734375 867548.828125 0.1697265625 0.5673828125 0.00205078125 0.2998046875 0.7763671875 0.6806640625 219.23828125
35.927734375 867548.828125 0.1697265625 0.5673828125 0.00205078125 0.2998046875 0.7763671875 0.2509765625 203.61328125
35.927734375 867548.828125 0.1697265625 0.5673828125 0.00205078125 0.2998046875 0.7763671875 0.2509765625 219.23828125
71.962890625 74775.390625 0.1849609375 0.8330078125 0.0049804687500000005 0.6259765625 0.8271484375 0.9306640625 78.61328125
13.427734375 74775.390625 0.1849609375 0.8330078125 0.0049804687500000005 0.6259765625 0.8271484375 0.9306640625 78.61328125
71.962890625 620048.828125 0.1849609375 0.8330078125 0.0049804687500000005 0.6259765625 0.8271484375 0.9306640625 78.61328125
71.962890625 74775.390625 0.11972656250000001 0.8330078125 0.0049804687500000005 0.6259765625 0.8271484375 0.9306640625 78.61328125
71.962890625 74775.390625 0.1849609375 0.3173828125 0.0049804687500000005 0.6259765625 0.8271484375 0.9306640625 78.61328125
71.962890625 74775.390625 0.1849609375 0.8330078125 0.01705078125 0.6259765625 0.8271484375 0.9306640625 78.61328125
71.962890625 74775.390625 0.1849609375 0.8330078125 0.0049804687500000005 0.0498046875 0.8271484375 0.9306640625 78.61328125
71.962890625 74775.390625 0.1849609375 0.8330078125 0.0049804687500000005 0.6259765625 0.0263671875 0.9306640625 78.61328125
71.962890625 74775.390625 0.1849609375 0.8330078125 0.0049804687500000005 0.6259765625 0.8271484375 9.765625E-4 78.61328125
71.962890625 74775.390625 0.1849609375 0.8330078125 0.0049804687500000005 0.6259765625 0.8271484375 0.9306640625 344.23828125
71.962890625 620048.828125 0.11972656250000001 0.3173828125 0.01705078125 0.0498046875 0.0263671875 9.765625E-4 344.23828125
13.427734375 74775.390625 0.11972656250000001 0.3173828125 0.01705078125 0.0498046875 0.0263671875 9.765625E-4 344.23828125
13.427734375 620048.828125 0.1849609375 0.3173828125 0.01705078125 0.0498046875 0.0263671875 9.765625E-4 344.23828125
13.427734375 620048.828125 0.11972656250000001 0.8330078125 0.01705078125 0.0498046875 0.0263671875 9.765625E-4 344.23828125
13.427734375 620048.828125 0.11972656250000001 0.3173828125 0.0049804687500000005 0.0498046875 0.0263671875 9.765625E-4 344.23828125
13.427734375 620048.828125 0.11972656250000001 0.3173828125 0.01705078125 0.6259765625 0.0263671875 9.765625E-4 344.23828125
13.427734375 620048.828125 0.11972656250000001 0.3173828125 0.01705078125 0.0498046875 0.8271484375 9.765625E-4 344.23828125
13.427734375 620048.828125 0.11972656250000001 0.3173828125 0.01705078125 0.0498046875 0.0263671875 0.9306640625 344.23828125
13.427734375 620048.828125 0.11972656250000001 0.3173828125 0.01705078125 0.0498046875 0.0263671875 9.765625E-4 78.61328125
13.427734375 620048.828125 0.11972656250000001 0.3173828125 0.01705078125 0.0498046875 0.0263671875 9.765625E-4 344.23828125
26.962890625 569775.390625 0.0849609375 0.3330078125 0.01498046875 0.1259765625 0.3271484375 0.4306640625 328.61328125
58.427734375 569775.390625 0.0849609375 0.3330078125 0.01498046875 0.1259765625 0.3271484375 0.4306640625 328.61328125
26.962890625 125048.828125 0.0849609375 0.3330078125 0.01498046875 0.1259765625 0.3271484375 0.4306640625 328.61328125
26.962890625 569775.390625 0.019726562500000003 0.3330078125 0.01498046875 0.1259765625 0.3271484375 0.4306640625 328.61328125
26.962890625 569775.390625 0.0849609375 0.8173828125 0.01498046875 0.1259765625 0.3271484375 0.4306640625 328.61328125
26.962890625 569775.390625 0.0849609375 0.3330078125 0.00705078125 0.1259765625 0.3271484375 0.4306640625 328.61328125
26.962890625 569775.390625 0.0849609375 0.3330078125 0.01498046875 0.5498046875 0.3271484375 0.4306640625 328.61328125
26.962890625 569775.390625 0.0849609375 0.3330078125 0.01498046875 0.1259765625 0.5263671875 0.4306640625 328.61328125
26.962890625 569775.390625 0.0849609375 0.3330078125 0.01498046875 0.1259765625 0.3271484375 0.5009765625 328.61328125
26.962890625 569775.390625 0.0849609375 0.3330078125 0.01498046875 0.1259765625 0.3271484375 0.4306640625 94.23828125
26.962890625 125048.828125 0.019726562500000003 0.8173828125 0.00705078125 0.5498046875 0.5263671875 0.5009765625 94.23828125
58.427734375 569775.390625 0.019726562500000003 0.8173828125 0.00705078125 0.5498046875 0.5263671875 0.5009765625 94.23828125
58.427734375 125048.828125 0.0849609375 0.8173828125 0.00705078125 0.5498046875 0.5263671875 0.5009765625 94.23828125
58.427734375 125048.828125 0.019726562500000003 0.3330078125 0.00705078125 0.5498046875 0.5263671875 0.5009765625 94.23828125
58.427734375 125048.828125 0.019726562500000003 0.8173828125 0.01498046875 0.5498046875 0.5263671875 0.5009765625 94.23828125
58.427734375 125048.828125 0.019726562500000003 0.8173828125 0.00705078125 0.1259765625 0.5263671875 0.5009765625 94.23828125
58.427734375 125048.828125 0.019726562500000003 0.8173828125 0.00705078125 0.5498046875 0.3271484375 0.5009765625 94.23828125
58.427734375 125048.828125 0.019726562500000003 0.8173828125 0.00705078125 0.5498046875 0.5263671875 0.4306640625 94.23828125
58.427734375 125048.828125 0.019726562500000003 0.8173828125 0.00705078125 0.5498046875 0.5263671875 0.5009765625 328.61328125
58.427734375 125048.828125 0.019726562500000003 0.8173828125 0.00705078125 0.5498046875 0.5263671875 0.5009765625 94.23828125
21.337890625 384150.390625 0.19746093750000002 0.0205078125 0.00123046875 0.0634765625 0.5146484375 0.2431640625 484.86328125
30.302734375 384150.390625 0.19746093750000002 0.0205078125 0.00123046875 0.0634765625 0.5146484375 0.2431640625 484.86328125
21.337890625 63173.828125 0.19746093750000002 0.0205078125 0.00123046875 0.0634765625 0.5146484375 0.2431640625 484.86328125
21.337890625 384150.390625 0.0322265625 0.0205078125 0.00123046875 0.0634765625 0.5146484375 0.2431640625 484.86328125
21.337890625 384150.390625 0.19746093750000002 0.5048828125 0.00123046875 0.0634765625 0.5146484375 0.2431640625 484.86328125
21.337890625 384150.390625 0.19746093750000002 0.0205078125 0.01580078125 0.0634765625 0.5146484375 0.2431640625 484.86328125
21.337890625 384150.390625 0.19746093750000002 0.0205078125 0.00123046875 0.4873046875 0.5146484375 0.2431640625 484.86328125
21.337890625 384150.390625 0.19746093750000002 0.0205078125 0.00123046875 0.0634765625 0.3388671875 0.2431640625 484.86328125
21.337890625 384150.390625 0.19746093750000002 0.0205078125 0.00123046875 0.0634765625 0.5146484375 0.4384765625 484.86328125
21.337890625 384150.390625 0.19746093750000002 0.0205078125 0.00123046875 0.0634765625 0.5146484375 0.2431640625 375.48828125
21.337890625 63173.828125 0.0322265625 0.5048828125 0.01580078125 0.4873046875 0.3388671875 0.4384765625 375.48828125
30.302734375 384150.390625 0.0322265625 0.5048828125 0.01580078125 0.4873046875 0.3388671875 0.4384765625 375.48828125
30.302734375 63173.828125 0.19746093750000002 0.5048828125 0.01580078125 0.4873046875 0.3388671875 0.4384765625 375.48828125
30.302734375 63173.828125 0.0322265625 0.0205078125 0.01580078125 0.4873046875 0.3388671875 0.4384765625 375.48828125
30.302734375 63173.828125 0.0322265625 0.5048828125 0.00123046875 0.4873046875 0.3388671875 0.4384765625 375.48828125
30.302734375 63173.828125 0.0322265625 0.5048828125 0.01580078125 0.0634765625 0.3388671875 0.4384765625 375.48828125
30.302734375 63173.828125 0.0322265625 0.5048828125 0.01580078125 0.4873046875 0.5146484375 0.4384765625 375.48828125
30.302734375 63173.828125 0.0322265625 0.5048828125 0.01580078125 0.4873046875 0.3388671875 0.2431640625 375.48828125
30.302734375 63173.828125 0.0322265625 0.5048828125 0.01580078125 0.4873046875 0.3388671875 0.4384765625 484.86328125
30.302734375 63173.828125 0.0322265625 0.5048828125 0.01580078125 0.4873046875 0.3388671875 0.4384765625 375.48828125
66.337890625 879150.390625 0.09746093750000001 0.5205078125 0.01123046875 0.5634765625 0.0146484375 0.7431640625 234.86328125
75.302734375 879150.390625 0.09746093750000001 0.5205078125 0.01123046875 0.5634765625 0.0146484375 0.7431640625 234.86328125
66.337890625 558173.828125 0.09746093750000001 0.5205078125 0.01123046875 0.5634765625 0.0146484375 0.7431640625 234.86328125
66.337890625 879150.390625 0.1322265625 0.5205078125 0.01123046875 0.5634765625 0.0146484375 0.7431640625 234.86328125
66.337890625 879150.390625 0.09746093750000001 0.0048828125 0.01123046875 0.5634765625 0.0146484375 0.7431640625 234.86328125
66.337890625 879150.390625 0.09746093750000001 0.5205078125 0.00580078125 0.5634765625 0.0146484375 0.7431640625 234.86328125
66.337890625 879150.390625 0.09746093750000001 0.5205078125 0.01123046875 0.9873046875 0.0146484375 0.7431640625 234.86328125
66.337890625 879150.390625 0.09746093750000001 0.5205078125 0.01123046875 0.5634765625 0.8388671875 0.7431640625 234.86328125
66.337890625 879150.390625 0.09746093750000001 0.5205078125 0.01123046875 0.5634765625 0.0146484375 0.9384765625 234.86328125
66.337890625 879150.390625 0.09746093750000001 0.5205078125 0.01123046875 0.5634765625 0.0146484375 0.7431640625 125.48828125
66.337890625 558173.828125 0.1322265625 0.0048828125 0.00580078125 0.9873046875 0.8388671875 0.9384765625 125.48828125
75.302734375 879150.390625 0.1322265625 0.0048828125 0.00580078125 0.9873046875 0.8388671875 0.9384765625 125.48828125
75.302734375 558173.828125 0.09746093750000001 0.0048828125 0.00580078125 0.9873046875 0.8388671875 0.9384765625 125.48828125
75.302734375 558173.828125 0.1322265625 0.5205078125 0.00580078125 0.9873046875 0.8388671875 0.9384765625 125.48828125
75.302734375 558173.828125 0.1322265625 0.0048828125 0.01123046875 0.9873046875 0.8388671875 0.9384765625 125.48828125
75.302734375 558173.828125 0.1322265625 0.0048828125 0.00580078125 0.5634765625 0.8388671875 0.9384765625 125.48828125
75.302734375 558173.828125 0.1322265625 0.0048828125 0.00580078125 0.9873046875 0.0146484375 0.9384765625 125.48828125
75.302734375 558173.828125 0.1322265625 0.0048828125 0.00580078125 0.9873046875 0.8388671875 0.7431640625 125.48828125
75.302734375 558173.828125 0.1322265625 0.0048828125 0.00580078125 0.9873046875 0.8388671875 0.9384765625 234.86328125
75.302734375 558173.828125 0.1322265625 0.0048828125 0.00580078125 0.9873046875 0.8388671875 0.9384765625 125.48828125
88.837890625 136650.390625 0.1474609375 0.2705078125 0.01623046875 0.8134765625 0.7646484375 0.9931640625 109.86328125
97.802734375 136650.390625 0.1474609375 0.2705078125 0.01623046875 0.8134765625 0.7646484375 0.9931640625 109.86328125
88.837890625 805673.828125 0.1474609375 0.2705078125 0.01623046875 0.8134765625 0.7646484375 0.9931640625 109.86328125
88.837890625 136650.390625 0.18222656250000002 0.2705078125 0.01623046875 0.8134765625 0.7646484375 0.9931640625 109.86328125
88.837890625 136650.390625 0.1474609375 0.7548828125 0.01623046875 0.8134765625 0.7646484375 0.9931640625 109.86328125
88.837890625 136650.390625 0.1474609375 0.2705078125 0.01080078125 0.8134765625 0.7646484375 0.9931640625 109.86328125
88.837890625 136650.390625 0.1474609375 0.2705078125 0.01623046875 0.7373046875 0.7646484375 0.9931640625 109.86328125
88.837890625 136650.390625 0.1474609375 0.2705078125 0.01623046875 0.8134765625 0.0888671875 0.9931640625 109.86328125
88.837890625 136650.390625 0.1474609375 0.2705078125 0.01623046875 0.8134765625 0.7646484375 0.6884765625 109.86328125
88.837890625 136650.390625 0.1474609375 0.2705078125 0.01623046875 0.8134765625 0.7646484375 0.9931640625 250.48828125
88.837890625 805673.828125 0.18222656250000002 0.7548828125 0.01080078125 0.7373046875 0.0888671875 0.6884765625 250.48828125
97.802734375 136650.390625 0.18222656250000002 0.7548828125 0.01080078125 0.7373046875 0.0888671875 0.6884765625 250.48828125
97.802734375 805673.828125 0.1474609375 0.7548828125 0.01080078125 0.7373046875 0.0888671875 0.6884765625 250.48828125
97.802734375 805673.828125 0.18222656250000002 0.2705078125 0.01080078125 0.7373046875 0.0888671875 0.6884765625 250.48828125
97.802734375 805673.828125 0.18222656250000002 0.7548828125 0.01623046875 0.7373046875 0.0888671875 0.6884765625 250.48828125
97.802734375 805673.828125 0.18222656250000002 0.7548828125 0.01080078125 0.8134765625 0.0888671875 0.6884765625 250.48828125
97.802734375 805673.828125 0.18222656250000002 0.7548828125 0.01080078125 0.7373046875 0.7646484375 0.6884765625 250.48828125
97.802734375 805673.828125 0.18222656250000002 0.7548828125 0.01080078125 0.7373046875 0.0888671875 0.9931640625 250.48828125
97.802734375 805673.828125 0.18222656250000002 0.7548828125 0.01080078125 0.7373046875 0.0888671875 0.6884765625 109.86328125
97.802734375 805673.828125 0.18222656250000002 0.7548828125 0.01080078125 0.7373046875 0.0888671875 0.6884765625 250.48828125
43.837890625 631650.390625 0.0474609375 0.7705078125 0.00623046875 0.3134765625 0.2646484375 0.4931640625 359.86328125
52.802734375 631650.390625 0.0474609375 0.7705078125 0.00623046875 0.3134765625 0.2646484375 0.4931640625 359.86328125
43.837890625 310673.828125 0.0474609375 0.7705078125 0.00623046875 0.3134765625 0.2646484375 0.4931640625 359.86328125
43.837890625 631650.390625 0.0822265625 0.7705078125 0.00623046875 0.3134765625 0.2646484375 0.4931640625 359.86328125
43.837890625 631650.390625 0.0474609375 0.2548828125 0.00623046875 0.3134765625 0.2646484375 0.4931640625 359.86328125
43.837890625 631650.390625 0.0474609375 0.7705078125 8.007812500000001E-4 0.3134765625 0.2646484375 0.4931640625 359.86328125
43.837890625 631650.390625 0.0474609375 0.7705078125 0.00623046875 0.2373046875 0.2646484375 0.4931640625 359.86328125
43.837890625 631650.390625 0.0474609375 0.7705078125 0.00623046875 0.3134765625 0.5888671875 0.4931640625 359.86328125
43.837890625 631650.390625 0.0474609375 0.7705078125 0.00623046875 0.3134765625 0.2646484375 0.1884765625 359.86328125
43.837890625 631650.390625 0.0474609375 0.7705078125 0.00623046875 0.3134765625 0.2646484375 0.4931640625 0.48828125
43.837890625 310673.828125 0.0822265625 0.2548828125 8.007812500000001E-4 0.2373046875 0.5888671875 0.1884765625 0.48828125
52.802734375 631650.390625 0.0822265625 0.2548828125 8.007812500000001E-4 0.2373046875 0.5888671875 0.1884765625 0.48828125
52.802734375 310673.828125 0.0474609375 0.2548828125 8.007812500000001E-4 0.2373046875 0.5888671875 0.1884765625 0.48828125
52.802734375 310673.828125 0.0822265625 0.7705078125 8.007812500000001E-4 0.2373046875 0.5888671875 0.1884765625 0.48828125
52.802734375 310673.828125 0.0822265625 0.2548828125 0.00623046875 0.2373046875 0.5888671875 0.1884765625 0.48828125
52.802734375 310673.828125 0.0822265625 0.2548828125 8.007812500000001E-4 0.3134765625 0.5888671875 0.1884765625 0.48828125
52.802734375 310673.828125 0.0822265625 0.2548828125 8.007812500000001E-4 0.2373046875 0.2646484375 0.1884765625 0.48828125
52.802734375 310673.828125 0.0822265625 0.2548828125 8.007812500000001E-4 0.2373046875 0.5888671875 0.4931640625 0.48828125
52.802734375 310673.828125 0.0822265625 0.2548828125 8.007812500000001E-4 0.2373046875 0.5888671875 0.1884765625 359.86328125
52.802734375 310673.828125 0.0822265625 0.2548828125 8.007812500000001E-4 0.2373046875 0.5888671875 0.1884765625 0.48828125
32.587890625 12900.390625 0.0724609375 0.8955078125 0.00873046875 0.1884765625 0.8896484375 0.8681640625 47.36328125
64.052734375 12900.390625 0.0724609375 0.8955078125 0.00873046875 0.1884765625 0.8896484375 0.8681640625 47.36328125
32.587890625 929423.828125 0.0724609375 0.8955078125 0.00873046875 0.1884765625 0.8896484375 0.8681640625 47.36328125
32.587890625 12900.390625 0.0572265625 0.8955078125 0.00873046875 0.1884765625 0.8896484375 0.8681640625 47.36328125
32.587890625 12900.390625 0.0724609375 0.8798828125 0.00873046875 0.1884765625 0.8896484375 0.8681640625 47.36328125
32.587890625 12900.390625 0.0724609375 0.8955078125 0.00830078125 0.1884765625 0.8896484375 0.8681640625 47.36328125
32.587890625 12900.390625 0.0724609375 0.8955078125 0.00873046875 0.1123046875 0.8896484375 0.8681640625 47.36328125
32.587890625 12900.390625 0.0724609375 0.8955078125 0.00873046875 0.1884765625 0.7138671875 0.8681640625 47.36328125
32.587890625 12900.390625 0.0724609375 0.8955078125 0.00873046875 0.1884765625 0.8896484375 0.0634765625 47.36328125
32.587890625 12900.390625 0.0724609375 0.8955078125 0.00873046875 0.1884765625 0.8896484375 0.8681640625 62.98828125
32.587890625 929423.828125 0.0572265625 0.8798828125 0.00830078125 0.1123046875 0.7138671875 0.0634765625 62.98828125
64.052734375 12900.390625 0.0572265625 0.8798828125 0.00830078125 0.1123046875 0.7138671875 0.0634765625 62.98828125
64.052734375 929423.828125 0.0724609375 0.8798828125 0.00830078125 0.1123046875 0.7138671875 0.0634765625 62.98828125
64.052734375 929423.828125 0.0572265625 0.8955078125 0.00830078125 0.1123046875 0.7138671875 0.0634765625 62.98828125
64.052734375 929423.828125 0.0572265625 0.8798828125 0.00873046875 0.1123046875 0.7138671875 0.0634765625 62.98828125
64.052734375 929423.828125 0.0572265625 0.8798828125 0.00830078125 0.1884765625 0.7138671875 0.0634765625 62.98828125
64.052734375 929423.828125 0.0572265625 0.8798828125 0.00830078125 0.1123046875 0.8896484375 0.0634765625 62.98828125
64.052734375 929423.828125 0.0572265625 0.8798828125 0.00830078125 0.1123046875 0.7138671875 0.8681640625 62.98828125
64.052734375 929423.828125 0.0572265625 0.8798828125 0.00830078125 0.1123046875 0.7138671875 0.0634765625 47.36328125
64.052734375 929423.828125 0.0572265625 0.8798828125 0.00830078125 0.1123046875 0.7138671875 0.0634765625 62.98828125
77.587890625 507900.390625 0.17246093750000002 0.3955078125 0.01873046875 0.6884765625 0.3896484375 0.3681640625 297.36328125
19.052734375 507900.390625 0.17246093750000002 0.3955078125 0.01873046875 0.6884765625 0.3896484375 0.3681640625 297.36328125
77.587890625 434423.828125 0.17246093750000002 0.3955078125 0.01873046875 0.6884765625 0.3896484375 0.3681640625 297.36328125
77.587890625 507900.390625 0.1572265625 0.3955078125 0.01873046875 0.6884765625 0.3896484375 0.3681640625 297.36328125
77.587890625 507900.390625 0.17246093750000002 0.3798828125 0.01873046875 0.6884765625 0.3896484375 0.3681640625 297.36328125
77.587890625 507900.390625 0.17246093750000002 0.3955078125 0.018300781250000002 0.6884765625 0.3896484375 0.3681640625 297.36328125
77.587890625 507900.390625 0.17246093750000002 0.3955078125 0.01873046875 0.6123046875 0.3896484375 0.3681640625 297.36328125
77.587890625 507900.390625 0.17246093750000002 0.3955078125 0.01873046875 0.6884765625 0.2138671875 0.3681640625 297.36328125
77.587890625 507900.390625 0.17246093750000002 0.3955078125 0.01873046875 0.6884765625 0.3896484375 0.5634765625 297.36328125
77.587890625 507900.390625 0.17246093750000002 0.3955078125 0.01873046875 0.6884765625 0.3896484375 0.3681640625 312.98828125
77.587890625 434423.828125 0.1572265625 0.3798828125 0.018300781250000002 0.6123046875 0.2138671875 0.5634765625 312.98828125
19.052734375 507900.390625 0.1572265625 0.3798828125 0.018300781250000002 0.6123046875 0.2138671875 0.5634765625 312.98828125
19.052734375 434423.828125 0.17246093750000002 0.3798828125 0.018300781250000002 0.6123046875 0.2138671875 0.5634765625 312.98828125
19.052734375 434423.828125 0.1572265625 0.3955078125 0.018300781250000002 0.6123046875 0.2138671875 0.5634765625 312.98828125
19.052734375 434423.828125 0.1572265625 0.3798828125 0.01873046875 0.6123046875 0.2138671875 0.5634765625 312.98828125
19.052734375 434423.828125 0.1572265625 0.3798828125 0.018300781250000002 0.6884765625 0.2138671875 0.5634765625 312.98828125
19.052734375 434423.828125 0.1572265625 0.3798828125 0.018300781250000002 0.6123046875 0.3896484375 0.5634765625 312.98828125
19.052734375 434423.828125 0.1572265625 0.3798828125 0.018300781250000002 0.6123046875 0.2138671875 0.3681640625 312.98828125
19.052734375 434423.828125 0.1572265625 0.3798828125 0.018300781250000002 0.6123046875 0.2138671875 0.5634765625 297.36328125
19.052734375 434423.828125 0.1572265625 0.3798828125 0.018300781250000002 0.6123046875 0.2138671875 0.5634765625 312.98828125
55.087890625 260400.390625 0.0224609375 0.6455078125 0.01373046875 0.9384765625 0.6396484375 0.1181640625 422.36328125
41.552734375 260400.390625 0.0224609375 0.6455078125 0.01373046875 0.9384765625 0.6396484375 0.1181640625 422.36328125
55.087890625 186923.828125 0.0224609375 0.6455078125 0.01373046875 0.9384765625 0.6396484375 0.1181640625 422.36328125
55.087890625 260400.390625 0.10722656250000001 0.6455078125 0.01373046875 0.9384765625 0.6396484375 0.1181640625 422.36328125
55.087890625 260400.390625 0.0224609375 0.6298828125 0.01373046875 0.9384765625 0.6396484375 0.1181640625 422.36328125
55.087890625 260400.390625 0.0224609375 0.6455078125 0.00330078125 0.9384765625 0.6396484375 0.1181640625 422.36328125
55.087890625 260400.390625 0.0224609375 0.6455078125 0.01373046875 0.8623046875 0.6396484375 0.1181640625 422.36328125
55.087890625 260400.390625 0.0224609375 0.6455078125 0.01373046875 0.9384765625 0.9638671875 0.1181640625 422.36328125
55.087890625 260400.390625 0.0224609375 0.6455078125 0.01373046875 0.9384765625 0.6396484375 0.8134765625 422.36328125
55.087890625 260400.390625 0.0224609375 0.6455078125 0.01373046875 0.9384765625 0.6396484375 0.1181640625 187.98828125
55.087890625 186923.828125 0.10722656250000001 0.6298828125 0.00330078125 0.8623046875 0.9638671875 0.8134765625 187.98828125
41.552734375 260400.390625 0.10722656250000001 0.6298828125 0.00330078125 0.8623046875 0.9638671875 0.8134765625 187.98828125
41.552734375 186923.828125 0.0224609375 0.6298828125 0.00330078125 0.8623046875 0.9638671875 0.8134765625 187.98828125
41.552734375 186923.828125 0.10722656250000001 0.6455078125 0.00330078125 0.8623046875 0.9638671875 0.8134765625 187.98828125
41.552734375 186923.828125 0.10722656250000001 0.6298828125 0.01373046875 0.8623046875 0.9638671875 0.8134765625 187.98828125
41.552734375 186923.828125 0.10722656250000001 0.6298828125 0.00330078125 0.9384765625 0.9638671875 0.8134765625 187.98828125
41.552734375 186923.828125 0.10722656250000001 0.6298828125 0.00330078125 0.8623046875 0.6396484375 0.8134765625 187.98828125
41.552734375 186923.828125 0.10722656250000001 0.6298828125 0.00330078125 0.8623046875 0.9638671875 0.1181640625 187.98828125
41.552734375 186923.828125 0.10722656250000001 0.6298828125 0.00330078125 0.8623046875 0.9638671875 0.8134765625 422.36328125
41.552734375 186923.828125 0.10722656250000001 0.6298828125 0.00330078125 0.8623046875 0.9638671875 0.8134765625 187.98828125
10.087890625 755400.390625 0.1224609375 0.1455078125 0.0037304687500000003 0.4384765625 0.1396484375 0.6181640625 172.36328125
86.552734375 755400.390625 0.1224609375 0.1455078125 0.0037304687500000003 0.4384765625 0.1396484375 0.6181640625 172.36328125
10.087890625 681923.828125 0.1224609375 0.1455078125 0.0037304687500000003 0.4384765625 0.1396484375 0.6181640625 172.36328125
10.087890625 755400.390625 0.0072265625 0.1455078125 0.0037304687500000003 0.4384765625 0.1396484375 0.6181640625 172.36328125
10.087890625 755400.390625 0.1224609375 0.1298828125 0.0037304687500000003 0.4384765625 0.1396484375 0.6181640625 172.36328125
10.087890625 755400.390625 0.1224609375 0.1455078125 0.013300781250000001 0.4384765625 0.1396484375 0.6181640625 172.36328125
10.087890625 755400.390625 0.1224609375 0.1455078125 0.0037304687500000003 0.3623046875 0.1396484375 0.6181640625 172.36328125
10.087890625 755400.390625 0.1224609375 0.1455078125 0.0037304687500000003 0.4384765625 0.4638671875 0.6181640625 172.36328125
10.087890625 755400.390625 0.1224609375 0.1455078125 0.0037304687500000003 0.4384765625 0.1396484375 0.3134765625 172.36328125
10.087890625 755400.390625 0.1224609375 0.1455078125 0.0037304687500000003 0.4384765625 0.1396484375 0.6181640625 437.98828125
10.087890625 681923.828125 0.0072265625 0.1298828125 0.013300781250000001 0.3623046875 0.4638671875 0.3134765625 437.98828125
86.552734375 755400.390625 0.0072265625 0.1298828125 0.013300781250000001 0.3623046875 0.4638671875 0.3134765625 437.98828125
86.552734375 681923.828125 0.1224609375 0.1298828125 0.013300781250000001 0.3623046875 0.4638671875 0.3134765625 437.98828125
86.552734375 681923.828125 0.0072265625 0.1455078125 0.013300781250000001 0.3623046875 0.4638671875 0.3134765625 437.98828125
86.552734375 681923.828125 0.0072265625 0.1298828125 0.0037304687500000003 0.3623046875 0.4638671875 0.3134765625 437.98828125
86.552734375 681923.828125 0.0072265625 0.1298828125 0.013300781250000001 0.4384765625 0.4638671875 0.3134765625 437.98828125
86.552734375 681923.828125 0.0072265625 0.1298828125 0.013300781250000001 0.3623046875 0.1396484375 0.3134765625 437.98828125
86.552734375 681923.828125 0.0072265625 0.1298828125 0.013300781250000001 0.3623046875 0.4638671875 0.6181640625 437.98828125
86.552734375 681923.828125 0.0072265625 0.1298828125 0.013300781250000001 0.3623046875 0.4638671875 0.3134765625 172.36328125
86.552734375 681923.828125 0.0072265625 0.1298828125 0.013300781250000001 0.3623046875 0.4638671875 0.3134765625 437.98828125
10.1318359375 382700.1953125 0.08955078125 0.48681640625 0.011142578125 0.84423828125 0.24169921875 0.58740234375 348.388671875
70.4248046875 382700.1953125 0.08955078125 0.48681640625 0.011142578125 0.84423828125 0.24169921875 0.58740234375 348.388671875
10.1318359375 823559.5703125 0.08955078125 0.48681640625 0.011142578125 0.84423828125 0.24169921875 0.58740234375 348.388671875
10.1318359375 382700.1953125 0.18427734375000002 0.48681640625 0.011142578125 0.84423828125 0.24169921875 0.58740234375 348.388671875
10.1318359375 382700.1953125 0.08955078125 0.70654296875 0.011142578125 0.84423828125 0.24169921875 0.58740234375 348.388671875
10.1318359375 382700.1953125 0.08955078125 0.48681640625 0.006767578125 0.84423828125 0.24169921875 0.58740234375 348.388671875
10.1318359375 382700.1953125 0.08955078125 0.48681640625 0.011142578125 0.13232421875 0.24169921875 0.58740234375 348.388671875
10.1318359375 382700.1953125 0.08955078125 0.48681640625 0.011142578125 0.84423828125 0.85693359375 0.58740234375 348.388671875
10.1318359375 382700.1953125 0.08955078125 0.48681640625 0.011142578125 0.84423828125 0.24169921875 0.85498046875 348.388671875
10.1318359375 382700.1953125 0.08955078125 0.48681640625 0.011142578125 0.84423828125 0.24169921875 0.58740234375 98.876953125
10.1318359375 823559.5703125 0.18427734375000002 0.70654296875 0.006767578125 0.13232421875 0.85693359375 0.85498046875 98.876953125
70.4248046875 382700.1953125 0.18427734375000002 0.70654296875 0.006767578125 0.13232421875 0.85693359375 0.85498046875 98.876953125
70.4248046875 823559.5703125 0.08955078125 0.70654296875 0.006767578125 0.13232421875 0.85693359375 0.85498046875 98.876953125
70.4248046875 823559.5703125 0.18427734375000002 0.48681640625 0.006767578125 0.13232421875 0.85693359375 0.85498046875 98.876953125
70.4248046875 823559.5703125 0.18427734375000002 0.70654296875 0.011142578125 0.13232421875 0.85693359375 0.85498046875 98.876953125
70.4248046875 823559.5703125 0.18427734375000002 0.70654296875 0.006767578125 0.84423828125 0.85693359375 0.85498046875 98.876953125
70.4248046875 823559.5703125 0.18427734375000002 0.70654296875 0.006767578125 0.13232421875 0.24169921875 0.85498046875 98.876953125
70.4248046875 823559.5703125 0.18427734375000002 0.70654296875 0.006767578125 0.13232421875 0.85693359375 0.58740234375 98.876953125
70.4248046875 823559.5703125 0.18427734375000002 0.70654296875 0.006767578125 0.13232421875 0.85693359375 0.85498046875 348.388671875
70.4248046875 823559.5703125 0.18427734375000002 0.70654296875 0.006767578125 0.13232421875 0.85693359375 0.85498046875 98.876953125
