227529.296875 18.701171875 0.5185546875 338.37890625 0.2802734375 453.61328125
55439.453125 18.701171875 0.5185546875 338.37890625 0.2802734375 453.61328125
227529.296875 90.947265625 0.5185546875 338.37890625 0.2802734375 453.61328125
227529.296875 18.701171875 0.5009765625 338.37890625 0.2802734375 453.61328125
227529.296875 18.701171875 0.5185546875 34.66796875 0.2802734375 453.61328125
227529.296875 18.701171875 0.5185546875 338.37890625 0.0849609375 453.61328125
227529.296875 18.701171875 0.5185546875 338.37890625 0.2802734375 127.44140625
227529.296875 90.947265625 0.5009765625 34.66796875 0.0849609375 127.44140625
55439.453125 18.701171875 0.5009765625 34.66796875 0.0849609375 127.44140625
55439.453125 90.947265625 0.5185546875 34.66796875 0.0849609375 127.44140625
55439.453125 90.947265625 0.5009765625 338.37890625 0.0849609375 127.44140625
55439.453125 90.947265625 0.5009765625 34.66796875 0.2802734375 127.44140625
55439.453125 90.947265625 0.5009765625 34.66796875 0.0849609375 453.61328125
55439.453125 90.947265625 0.5009765625 34.66796875 0.0849609375 127.44140625
722529.296875 63.701171875 0.0185546875 88.37890625 0.7802734375 203.61328125
550439.453125 63.701171875 0.0185546875 88.37890625 0.7802734375 203.61328125
722529.296875 45.947265625 0.0185546875 88.37890625 0.7802734375 203.61328125
722529.296875 63.701171875 9.765625E-4 88.37890625 0.7802734375 203.61328125
722529.296875 63.701171875 0.0185546875 284.66796875 0.7802734375 203.61328125
722529.296875 63.701171875 0.0185546875 88.37890625 0.5849609375 203.61328125
722529.296875 63.701171875 0.0185546875 88.37890625 0.7802734375 377.44140625
722529.296875 45.947265625 9.765625E-4 284.66796875 0.5849609375 377.44140625
550439.453125 63.701171875 9.765625E-4 284.66796875 0.5849609375 377.44140625
550439.453125 45.947265625 0.0185546875 284.66796875 0.5849609375 377.44140625
550439.453125 45.947265625 9.765625E-4 88.37890625 0.5849609375 377.44140625
550439.453125 45.947265625 9.765625E-4 284.66796875 0.7802734375 377.44140625
550439.453125 45.947265625 9.765625E-4 284.66796875 0.5849609375 203.61328125
550439.453125 45.947265625 9.765625E-4 284.66796875 0.5849609375 377.44140625
970029.296875 41.201171875 0.7685546875 463.37890625 0.5302734375 78.61328125
302939.453125 41.201171875 0.7685546875 463.37890625 0.5302734375 78.61328125
970029.296875 23.447265625 0.7685546875 463.37890625 0.5302734375 78.61328125
970029.296875 41.201171875 0.2509765625 463.37890625 0.5302734375 78.61328125
970029.296875 41.201171875 0.7685546875 409.66796875 0.5302734375 78.61328125
970029.296875 41.201171875 0.7685546875 463.37890625 0.8349609375 78.61328125
970029.296875 41.201171875 0.7685546875 463.37890625 0.5302734375 252.44140625
970029.296875 23.447265625 0.2509765625 409.66796875 0.8349609375 252.44140625
302939.453125 41.201171875 0.2509765625 409.66796875 0.8349609375 252.44140625
302939.453125 23.447265625 0.7685546875 409.66796875 0.8349609375 252.44140625
302939.453125 23.447265625 0.2509765625 463.37890625 0.8349609375 252.44140625
302939.453125 23.447265625 0.2509765625 409.66796875 0.5302734375 252.44140625
302939.453125 23.447265625 0.2509765625 409.66796875 0.8349609375 78.61328125
302939.453125 23.447265625 0.2509765625 409.66796875 0.8349609375 252.44140625
475029.296875 86.201171875 0.2685546875 213.37890625 0.0302734375 328.61328125
797939.453125 86.201171875 0.2685546875 213.37890625 0.0302734375 328.61328125
475029.296875 68.447265625 0.2685546875 213.37890625 0.0302734375 328.61328125
475029.296875 86.201171875 0.7509765625 213.37890625 0.0302734375 328.61328125
475029.296875 86.201171875 0.2685546875 159.66796875 0.0302734375 328.61328125
475029.296875 86.201171875 0.2685546875 213.37890625 0.3349609375 328.61328125
475029.296875 86.201171875 0.2685546875 213.37890625 0.0302734375 2.44140625
475029.296875 68.447265625 0.7509765625 159.66796875 0.3349609375 2.44140625
797939.453125 86.201171875 0.7509765625 159.66796875 0.3349609375 2.44140625
797939.453125 68.447265625 0.2685546875 159.66796875 0.3349609375 2.44140625
797939.453125 68.447265625 0.7509765625 213.37890625 0.3349609375 2.44140625
797939.453125 68.447265625 0.7509765625 159.66796875 0.0302734375 2.44140625
797939.453125 68.447265625 0.7509765625 159.66796875 0.3349609375 328.61328125
797939.453125 68.447265625 0.7509765625 159.66796875 0.3349609375 2.44140625
351279.296875 52.451171875 0.1435546875 150.87890625 0.1552734375 391.11328125
426689.453125 52.451171875 0.1435546875 150.87890625 0.1552734375 391.11328125
351279.296875 12.197265625 0.1435546875 150.87890625 0.1552734375 391.11328125
351279.296875 52.451171875 0.3759765625 150.87890625 0.1552734375 391.11328125
351279.296875 52.451171875 0.1435546875 347.16796875 0.1552734375 391.11328125
351279.296875 52.451171875 0.1435546875 150.87890625 0.9599609375 391.11328125
351279.296875 52.451171875 0.1435546875 150.87890625 0.1552734375 64.94140625
351279.296875 12.197265625 0.3759765625 347.16796875 0.9599609375 64.94140625
426689.453125 52.451171875 0.3759765625 347.16796875 0.9599609375 64.94140625
426689.453125 12.197265625 0.1435546875 347.16796875 0.9599609375 64.94140625
426689.453125 12.197265625 0.3759765625 150.87890625 0.9599609375 64.94140625
426689.453125 12.197265625 0.3759765625 347.16796875 0.1552734375 64.94140625
426689.453125 12.197265625 0.3759765625 347.16796875 0.9599609375 391.11328125
426689.453125 12.197265625 0.3759765625 347.16796875 0.9599609375 64.94140625
846279.296875 97.451171875 0.6435546875 400.87890625 0.6552734375 141.11328125
921689.453125 97.451171875 0.6435546875 400.87890625 0.6552734375 141.11328125
846279.296875 57.197265625 0.6435546875 400.87890625 0.6552734375 141.11328125
846279.296875 97.451171875 0.8759765625 400.87890625 0.6552734375 141.11328125
846279.296875 97.451171875 0.6435546875 97.16796875 0.6552734375 141.11328125
846279.296875 97.451171875 0.6435546875 400.87890625 0.4599609375 141.11328125
846279.296875 97.451171875 0.6435546875 400.87890625 0.6552734375 314.94140625
846279.296875 57.197265625 0.8759765625 97.16796875 0.4599609375 314.94140625
921689.453125 97.451171875 0.8759765625 97.16796875 0.4599609375 314.94140625
921689.453125 57.197265625 0.6435546875 97.16796875 0.4599609375 314.94140625
921689.453125 57.197265625 0.8759765625 400.87890625 0.4599609375 314.94140625
921689.453125 57.197265625 0.8759765625 97.16796875 0.6552734375 314.94140625
921689.453125 57.197265625 0.8759765625 97.16796875 0.4599609375 141.11328125
921689.453125 57.197265625 0.8759765625 97.16796875 0.4599609375 314.94140625
598779.296875 29.951171875 0.3935546875 25.87890625 0.9052734375 16.11328125
179189.453125 29.951171875 0.3935546875 25.87890625 0.9052734375 16.11328125
598779.296875 79.697265625 0.3935546875 25.87890625 0.9052734375 16.11328125
598779.296875 29.951171875 0.6259765625 25.87890625 0.9052734375 16.11328125
598779.296875 29.951171875 0.3935546875 222.16796875 0.9052734375 16.11328125
598779.296875 29.951171875 0.3935546875 25.87890625 0.2099609375 16.11328125
598779.296875 29.951171875 0.3935546875 25.87890625 0.9052734375 439.94140625
598779.296875 79.697265625 0.6259765625 222.16796875 0.2099609375 439.94140625
179189.453125 29.951171875 0.6259765625 222.16796875 0.2099609375 439.94140625
179189.453125 79.697265625 0.3935546875 222.16796875 0.2099609375 439.94140625
179189.453125 79.697265625 0.6259765625 25.87890625 0.2099609375 439.94140625
179189.453125 79.697265625 0.6259765625 222.16796875 0.9052734375 439.94140625
179189.453125 79.697265625 0.6259765625 222.16796875 0.2099609375 16.11328125
179189.453125 79.697265625 0.6259765625 222.16796875 0.2099609375 439.94140625
103779.296875 74.951171875 0.8935546875 275.87890625 0.4052734375 266.11328125
674189.453125 74.951171875 0.8935546875 275.87890625 0.4052734375 266.11328125
103779.296875 34.697265625 0.8935546875 275.87890625 0.4052734375 266.11328125
103779.296875 74.951171875 0.1259765625 275.87890625 0.4052734375 266.11328125
103779.296875 74.951171875 0.8935546875 472.16796875 0.4052734375 266.11328125
103779.296875 74.951171875 0.8935546875 275.87890625 0.7099609375 266.11328125
103779.296875 74.951171875 0.8935546875 275.87890625 0.4052734375 189.94140625
103779.296875 34.697265625 0.1259765625 472.16796875 0.7099609375 189.94140625
674189.453125 74.951171875 0.1259765625 472.16796875 0.7099609375 189.94140625
674189.453125 34.697265625 0.8935546875 472.16796875 0.7099609375 189.94140625
674189.453125 34.697265625 0.1259765625 275.87890625 0.7099609375 189.94140625
674189.453125 34.697265625 0.1259765625 472.16796875 0.4052734375 189.94140625
674189.453125 34.697265625 0.1259765625 472.16796875 0.7099609375 266.11328125
674189.453125 34.697265625 0.1259765625 472.16796875 0.7099609375 189.94140625
72841.796875 27.138671875 0.0498046875 229.00390625 0.6240234375 125.48828125
952626.953125 27.138671875 0.0498046875 229.00390625 0.6240234375 125.48828125
72841.796875 82.509765625 0.0498046875 229.00390625 0.6240234375 125.48828125
72841.796875 27.138671875 0.0322265625 229.00390625 0.6240234375 125.48828125
72841.796875 27.138671875 0.0498046875 206.54296875 0.6240234375 125.48828125
72841.796875 27.138671875 0.0498046875 229.00390625 0.7412109375 125.48828125
72841.796875 27.138671875 0.0498046875 229.00390625 0.6240234375 111.81640625
72841.796875 82.509765625 0.0322265625 206.54296875 0.7412109375 111.81640625
952626.953125 27.138671875 0.0322265625 206.54296875 0.7412109375 111.81640625
952626.953125 82.509765625 0.0498046875 206.54296875 0.7412109375 111.81640625
952626.953125 82.509765625 0.0322265625 229.00390625 0.7412109375 111.81640625
952626.953125 82.509765625 0.0322265625 206.54296875 0.6240234375 111.81640625
952626.953125 82.509765625 0.0322265625 206.54296875 0.7412109375 125.48828125
952626.953125 82.509765625 0.0322265625 206.54296875 0.7412109375 111.81640625
567841.796875 72.138671875 0.5498046875 479.00390625 0.1240234375 375.48828125
457626.953125 72.138671875 0.5498046875 479.00390625 0.1240234375 375.48828125
567841.796875 37.509765625 0.5498046875 479.00390625 0.1240234375 375.48828125
567841.796875 72.138671875 0.5322265625 479.00390625 0.1240234375 375.48828125
567841.796875 72.138671875 0.5498046875 456.54296875 0.1240234375 375.48828125
567841.796875 72.138671875 0.5498046875 479.00390625 0.2412109375 375.48828125
567841.796875 72.138671875 0.5498046875 479.00390625 0.1240234375 361.81640625
567841.796875 37.509765625 0.5322265625 456.54296875 0.2412109375 361.81640625
457626.953125 72.138671875 0.5322265625 456.54296875 0.2412109375 361.81640625
457626.953125 37.509765625 0.5498046875 456.54296875 0.2412109375 361.81640625
457626.953125 37.509765625 0.5322265625 479.00390625 0.2412109375 361.81640625
457626.953125 37.509765625 0.5322265625 456.54296875 0.1240234375 361.81640625
457626.953125 37.509765625 0.5322265625 456.54296875 0.2412109375 375.48828125
457626.953125 37.509765625 0.5322265625 456.54296875 0.2412109375 361.81640625
815341.796875 49.638671875 0.2998046875 104.00390625 0.3740234375 250.48828125
705126.953125 49.638671875 0.2998046875 104.00390625 0.3740234375 250.48828125
815341.796875 15.009765625 0.2998046875 104.00390625 0.3740234375 250.48828125
815341.796875 49.638671875 0.7822265625 104.00390625 0.3740234375 250.48828125
815341.796875 49.638671875 0.2998046875 331.54296875 0.3740234375 250.48828125
815341.796875 49.638671875 0.2998046875 104.00390625 0.4912109375 250.48828125
815341.796875 49.638671875 0.2998046875 104.00390625 0.3740234375 486.81640625
815341.796875 15.009765625 0.7822265625 331.54296875 0.4912109375 486.81640625
705126.953125 49.638671875 0.7822265625 331.54296875 0.4912109375 486.81640625
705126.953125 15.009765625 0.2998046875 331.54296875 0.4912109375 486.81640625
705126.953125 15.009765625 0.7822265625 104.00390625 0.4912109375 486.81640625
705126.953125 15.009765625 0.7822265625 331.54296875 0.3740234375 486.81640625
705126.953125 15.009765625 0.7822265625 331.54296875 0.4912109375 250.48828125
705126.953125 15.009765625 0.7822265625 331.54296875 0.4912109375 486.81640625
320341.796875 94.638671875 0.7998046875 354.00390625 0.8740234375 0.48828125
210126.953125 94.638671875 0.7998046875 354.00390625 0.8740234375 0.48828125
320341.796875 60.009765625 0.7998046875 354.00390625 0.8740234375 0.48828125
320341.796875 94.638671875 0.2822265625 354.00390625 0.8740234375 0.48828125
320341.796875 94.638671875 0.7998046875 81.54296875 0.8740234375 0.48828125
320341.796875 94.638671875 0.7998046875 354.00390625 0.9912109375 0.48828125
320341.796875 94.638671875 0.7998046875 354.00390625 0.8740234375 236.81640625
320341.796875 60.009765625 0.2822265625 81.54296875 0.9912109375 236.81640625
210126.953125 94.638671875 0.2822265625 81.54296875 0.9912109375 236.81640625
210126.953125 60.009765625 0.7998046875 81.54296875 0.9912109375 236.81640625
210126.953125 60.009765625 0.2822265625 354.00390625 0.9912109375 236.81640625
210126.953125 60.009765625 0.2822265625 81.54296875 0.8740234375 236.81640625
210126.953125 60.009765625 0.2822265625 81.54296875 0.9912109375 0.48828125
210126.953125 60.009765625 0.2822265625 81.54296875 0.9912109375 236.81640625
444091.796875 38.388671875 0.6748046875 291.50390625 0.9990234375 187.98828125
581376.953125 38.388671875 0.6748046875 291.50390625 0.9990234375 187.98828125
444091.796875 26.259765625 0.6748046875 291.50390625 0.9990234375 187.98828125
444091.796875 38.388671875 0.9072265625 291.50390625 0.9990234375 187.98828125
444091.796875 38.388671875 0.6748046875 394.04296875 0.9990234375 187.98828125
444091.796875 38.388671875 0.6748046875 291.50390625 0.3662109375 187.98828125
444091.796875 38.388671875 0.6748046875 291.50390625 0.9990234375 174.31640625
444091.796875 26.259765625 0.9072265625 394.04296875 0.3662109375 174.31640625
581376.953125 38.388671875 0.9072265625 394.04296875 0.3662109375 174.31640625
581376.953125 26.259765625 0.6748046875 394.04296875 0.3662109375 174.31640625
581376.953125 26.259765625 0.9072265625 291.50390625 0.3662109375 174.31640625
581376.953125 26.259765625 0.9072265625 394.04296875 0.9990234375 174.31640625
581376.953125 26.259765625 0.9072265625 394.04296875 0.3662109375 187.98828125
581376.953125 26.259765625 0.9072265625 394.04296875 0.3662109375 174.31640625
939091.796875 83.388671875 0.1748046875 41.50390625 0.4990234375 437.98828125
86376.953125 83.388671875 0.1748046875 41.50390625 0.4990234375 437.98828125
939091.796875 71.259765625 0.1748046875 41.50390625 0.4990234375 437.98828125
939091.796875 83.388671875 0.4072265625 41.50390625 0.4990234375 437.98828125
939091.796875 83.388671875 0.1748046875 144.04296875 0.4990234375 437.98828125
939091.796875 83.388671875 0.1748046875 41.50390625 0.8662109375 437.98828125
939091.796875 83.388671875 0.1748046875 41.50390625 0.4990234375 424.31640625
939091.796875 71.259765625 0.4072265625 144.04296875 0.8662109375 424.31640625
86376.953125 83.388671875 0.4072265625 144.04296875 0.8662109375 424.31640625
86376.953125 71.259765625 0.1748046875 144.04296875 0.8662109375 424.31640625
86376.953125 71.259765625 0.4072265625 41.50390625 0.8662109375 424.31640625
86376.953125 71.259765625 0.4072265625 144.04296875 0.4990234375 424.31640625
86376.953125 71.259765625 0.4072265625 144.04296875 0.8662109375 437.98828125
86376.953125 71.259765625 0.4072265625 144.04296875 0.8662109375 424.31640625
691591.796875 15.888671875 0.9248046875 416.50390625 0.2490234375 312.98828125
828876.953125 15.888671875 0.9248046875 416.50390625 0.2490234375 312.98828125
691591.796875 93.759765625 0.9248046875 416.50390625 0.2490234375 312.98828125
691591.796875 15.888671875 0.1572265625 416.50390625 0.2490234375 312.98828125
691591.796875 15.888671875 0.9248046875 19.04296875 0.2490234375 312.98828125
691591.796875 15.888671875 0.9248046875 416.50390625 0.6162109375 312.98828125
691591.796875 15.888671875 0.9248046875 416.50390625 0.2490234375 299.31640625
691591.796875 93.759765625 0.1572265625 19.04296875 0.6162109375 299.31640625
828876.953125 15.888671875 0.1572265625 19.04296875 0.6162109375 299.31640625
828876.953125 93.759765625 0.9248046875 19.04296875 0.6162109375 299.31640625
828876.953125 93.759765625 0.1572265625 416.50390625 0.6162109375 299.31640625
828876.953125 93.759765625 0.1572265625 19.04296875 0.2490234375 299.31640625
828876.953125 93.759765625 0.1572265625 19.04296875 0.6162109375 312.98828125
828876.953125 93.759765625 0.1572265625 19.04296875 0.6162109375 299.31640625
196591.796875 60.888671875 0.4248046875 166.50390625 0.7490234375 62.98828125
333876.953125 60.888671875 0.4248046875 166.50390625 0.7490234375 62.98828125
196591.796875 48.759765625 0.4248046875 166.50390625 0.7490234375 62.98828125
196591.796875 60.888671875 0.6572265625 166.50390625 0.7490234375 62.98828125
196591.796875 60.888671875 0.4248046875 269.04296875 0.7490234375 62.98828125
196591.796875 60.888671875 0.4248046875 166.50390625 0.1162109375 62.98828125
196591.796875 60.888671875 0.4248046875 166.50390625 0.7490234375 49.31640625
196591.796875 48.759765625 0.6572265625 269.04296875 0.1162109375 49.31640625
333876.953125 60.888671875 0.6572265625 269.04296875 0.1162109375 49.31640625
333876.953125 48.759765625 0.4248046875 269.04296875 0.1162109375 49.31640625
333876.953125 48.759765625 0.6572265625 166.50390625 0.1162109375 49.31640625
333876.953125 48.759765625 0.6572265625 269.04296875 0.7490234375 49.31640625
333876.953125 48.759765625 0.6572265625 269.04296875 0.1162109375 62.98828125
333876.953125 48.759765625 0.6572265625 269.04296875 0.1162109375 49.31640625
134716.796875 44.013671875 0.9873046875 10.25390625 0.0615234375 31.73828125
519501.953125 44.013671875 0.9873046875 10.25390625 0.0615234375 31.73828125
134716.796875 31.884765625 0.9873046875 10.25390625 0.0615234375 31.73828125
134716.796875 44.013671875 0.9697265625 10.25390625 0.0615234375 31.73828125
134716.796875 44.013671875 0.9873046875 112.79296875 0.0615234375 31.73828125
134716.796875 44.013671875 0.9873046875 10.25390625 0.0537109375 31.73828125
134716.796875 44.013671875 0.9873046875 10.25390625 0.0615234375 80.56640625
134716.796875 31.884765625 0.9697265625 112.79296875 0.0537109375 80.56640625
519501.953125 44.013671875 0.9697265625 112.79296875 0.0537109375 80.56640625
519501.953125 31.884765625 0.9873046875 112.79296875 0.0537109375 80.56640625
519501.953125 31.884765625 0.9697265625 10.25390625 0.0537109375 80.56640625
519501.953125 31.884765625 0.9697265625 112.79296875 0.0615234375 80.56640625
519501.953125 31.884765625 0.9697265625 112.79296875 0.0537109375 31.73828125
519501.953125 31.884765625 0.9697265625 112.79296875 0.0537109375 80.56640625
629716.796875 89.013671875 0.4873046875 260.25390625 0.5615234375 281.73828125
24501.953125 89.013671875 0.4873046875 260.25390625 0.5615234375 281.73828125
629716.796875 76.884765625 0.4873046875 260.25390625 0.5615234375 281.73828125
629716.796875 89.013671875 0.4697265625 260.25390625 0.5615234375 281.73828125
629716.796875 89.013671875 0.4873046875 362.79296875 0.5615234375 281.73828125
629716.796875 89.013671875 0.4873046875 260.25390625 0.5537109375 281.73828125
629716.796875 89.013671875 0.4873046875 260.25390625 0.5615234375 330.56640625
629716.796875 76.884765625 0.4697265625 362.79296875 0.5537109375 330.56640625
24501.953125 89.013671875 0.4697265625 362.79296875 0.5537109375 330.56640625
24501.953125 76.884765625 0.4873046875 362.79296875 0.5537109375 330.56640625
24501.953125 76.884765625 0.4697265625 260.25390625 0.5537109375 330.56640625
24501.953125 76.884765625 0.4697265625 362.79296875 0.5615234375 330.56640625
24501.953125 76.884765625 0.4697265625 362.79296875 0.5537109375 281.73828125
24501.953125 76.884765625 0.4697265625 362.79296875 0.5537109375 330.56640625
877216.796875 21.513671875 0.7373046875 135.25390625 0.8115234375 406.73828125
767001.953125 21.513671875 0.7373046875 135.25390625 0.8115234375 406.73828125
877216.796875 99.384765625 0.7373046875 135.25390625 0.8115234375 406.73828125
877216.796875 21.513671875 0.2197265625 135.25390625 0.8115234375 406.73828125
877216.796875 21.513671875 0.7373046875 487.79296875 0.8115234375 406.73828125
877216.796875 21.513671875 0.7373046875 135.25390625 0.8037109375 406.73828125
877216.796875 21.513671875 0.7373046875 135.25390625 0.8115234375 455.56640625
877216.796875 99.384765625 0.2197265625 487.79296875 0.8037109375 455.56640625
767001.953125 21.513671875 0.2197265625 487.79296875 0.8037109375 455.56640625
767001.953125 99.384765625 0.7373046875 487.79296875 0.8037109375 455.56640625
767001.953125 99.384765625 0.2197265625 135.25390625 0.8037109375 455.56640625
767001.953125 99.384765625 0.2197265625 487.79296875 0.8115234375 455.56640625
767001.953125 99.384765625 0.2197265625 487.79296875 0.8037109375 406.73828125
767001.953125 99.384765625 0.2197265625 487.79296875 0.8037109375 455.56640625
382216.796875 66.513671875 0.2373046875 385.25390625 0.3115234375 156.73828125
272001.953125 66.513671875 0.2373046875 385.25390625 0.3115234375 156.73828125
382216.796875 54.384765625 0.2373046875 385.25390625 0.3115234375 156.73828125
382216.796875 66.513671875 0.7197265625 385.25390625 0.3115234375 156.73828125
382216.796875 66.513671875 0.2373046875 237.79296875 0.3115234375 156.73828125
382216.796875 66.513671875 0.2373046875 385.25390625 0.3037109375 156.73828125
382216.796875 66.513671875 0.2373046875 385.25390625 0.3115234375 205.56640625
382216.796875 54.384765625 0.7197265625 237.79296875 0.3037109375 205.56640625
272001.953125 66.513671875 0.7197265625 237.79296875 0.3037109375 205.56640625
272001.953125 54.384765625 0.2373046875 237.79296875 0.3037109375 205.56640625
272001.953125 54.384765625 0.7197265625 385.25390625 0.3037109375 205.56640625
272001.953125 54.384765625 0.7197265625 237.79296875 0.3115234375 205.56640625
272001.953125 54.384765625 0.7197265625 237.79296875 0.3037109375 156.73828125
272001.953125 54.384765625 0.7197265625 237.79296875 0.3037109375 205.56640625
258466.796875 10.263671875 0.3623046875 447.75390625 0.4365234375 94.23828125
890751.953125 10.263671875 0.3623046875 447.75390625 0.4365234375 94.23828125
258466.796875 88.134765625 0.3623046875 447.75390625 0.4365234375 94.23828125
258466.796875 10.263671875 0.0947265625 447.75390625 0.4365234375 94.23828125
258466.796875 10.263671875 0.3623046875 300.29296875 0.4365234375 94.23828125
258466.796875 10.263671875 0.3623046875 447.75390625 0.9287109375 94.23828125
258466.796875 10.263671875 0.3623046875 447.75390625 0.4365234375 143.06640625
258466.796875 88.134765625 0.0947265625 300.29296875 0.9287109375 143.06640625
890751.953125 10.263671875 0.0947265625 300.29296875 0.9287109375 143.06640625
890751.953125 88.134765625 0.3623046875 300.29296875 0.9287109375 143.06640625
890751.953125 88.134765625 0.0947265625 447.75390625 0.9287109375 143.06640625
890751.953125 88.134765625 0.0947265625 300.29296875 0.4365234375 143.06640625
890751.953125 88.134765625 0.0947265625 300.29296875 0.9287109375 94.23828125
890751.953125 88.134765625 0.0947265625 300.29296875 0.9287109375 143.06640625
753466.796875 55.263671875 0.8623046875 197.75390625 0.9365234375 344.23828125
395751.953125 55.263671875 0.8623046875 197.75390625 0.9365234375 344.23828125
753466.796875 43.134765625 0.8623046875 197.75390625 0.9365234375 344.23828125
753466.796875 55.263671875 0.5947265625 197.75390625 0.9365234375 344.23828125
753466.796875 55.263671875 0.8623046875 50.29296875 0.9365234375 344.23828125
753466.796875 55.263671875 0.8623046875 197.75390625 0.4287109375 344.23828125
753466.796875 55.263671875 0.8623046875 197.75390625 0.9365234375 393.06640625
753466.796875 43.134765625 0.5947265625 50.29296875 0.4287109375 393.06640625
395751.953125 55.263671875 0.5947265625 50.29296875 0.4287109375 393.06640625
395751.953125 43.134765625 0.8623046875 50.29296875 0.4287109375 393.06640625
395751.953125 43.134765625 0.5947265625 197.75390625 0.4287109375 393.06640625
395751.953125 43.134765625 0.5947265625 50.29296875 0.9365234375 393.06640625
395751.953125 43.134765625 0.5947265625 50.29296875 0.4287109375 344.23828125
395751.953125 43.134765625 0.5947265625 50.29296875 0.4287109375 393.06640625
505966.796875 32.763671875 0.1123046875 322.75390625 0.6865234375 469.23828125
643251.953125 32.763671875 0.1123046875 322.75390625 0.6865234375 469.23828125
505966.796875 20.634765625 0.1123046875 322.75390625 0.6865234375 469.23828125
505966.796875 32.763671875 0.8447265625 322.75390625 0.6865234375 469.23828125
505966.796875 32.763671875 0.1123046875 175.29296875 0.6865234375 469.23828125
505966.796875 32.763671875 0.1123046875 322.75390625 0.1787109375 469.23828125
505966.796875 32.763671875 0.1123046875 322.75390625 0.6865234375 268.06640625
505966.796875 20.634765625 0.8447265625 175.29296875 0.1787109375 268.06640625
643251.953125 32.763671875 0.8447265625 175.29296875 0.1787109375 268.06640625
643251.953125 20.634765625 0.1123046875 175.29296875 0.1787109375 268.06640625
643251.953125 20.634765625 0.8447265625 322.75390625 0.1787109375 268.06640625
643251.953125 20.634765625 0.8447265625 175.29296875 0.6865234375 268.06640625
643251.953125 20.634765625 0.8447265625 175.29296875 0.1787109375 469.23828125
643251.953125 20.634765625 0.8447265625 175.29296875 0.1787109375 268.06640625
10966.796875 77.763671875 0.6123046875 72.75390625 0.1865234375 219.23828125
148251.953125 77.763671875 0.6123046875 72.75390625 0.1865234375 219.23828125
10966.796875 65.634765625 0.6123046875 72.75390625 0.1865234375 219.23828125
10966.796875 77.763671875 0.3447265625 72.75390625 0.1865234375 219.23828125
10966.796875 77.763671875 0.6123046875 425.29296875 0.1865234375 219.23828125
10966.796875 77.763671875 0.6123046875 72.75390625 0.6787109375 219.23828125
10966.796875 77.763671875 0.6123046875 72.75390625 0.1865234375 18.06640625
10966.796875 65.634765625 0.3447265625 425.29296875 0.6787109375 18.06640625
148251.953125 77.763671875 0.3447265625 425.29296875 0.6787109375 18.06640625
148251.953125 65.634765625 0.6123046875 425.29296875 0.6787109375 18.06640625
148251.953125 65.634765625 0.3447265625 72.75390625 0.6787109375 18.06640625
148251.953125 65.634765625 0.3447265625 425.29296875 0.1865234375 18.06640625
148251.953125 65.634765625 0.3447265625 425.29296875 0.6787109375 219.23828125
148251.953125 65.634765625 0.3447265625 425.29296875 0.6787109375 18.06640625
11450.1953125 43.8818359375 0.44775390625 243.408203125 0.55712890625 422.119140625
249282.2265625 43.8818359375 0.44775390625 243.408203125 0.55712890625 422.119140625
11450.1953125 62.8662109375 0.44775390625 243.408203125 0.55712890625 422.119140625
11450.1953125 43.8818359375 0.69677734375 243.408203125 0.55712890625 422.119140625
11450.1953125 43.8818359375 0.44775390625 335.693359375 0.55712890625 422.119140625
11450.1953125 43.8818359375 0.44775390625 243.408203125 0.82177734375 422.119140625
11450.1953125 43.8818359375 0.44775390625 243.408203125 0.55712890625 460.693359375
11450.1953125 62.8662109375 0.69677734375 335.693359375 0.82177734375 460.693359375
249282.2265625 43.8818359375 0.69677734375 335.693359375 0.82177734375 460.693359375
249282.2265625 62.8662109375 0.44775390625 335.693359375 0.82177734375 460.693359375
249282.2265625 62.8662109375 0.69677734375 243.408203125 0.82177734375 460.693359375
249282.2265625 62.8662109375 0.69677734375 335.693359375 0.55712890625 460.693359375
249282.2265625 62.8662109375 0.69677734375 335.693359375 0.82177734375 422.119140625
249282.2265625 62.8662109375 0.69677734375 335.693359375 0.82177734375 460.693359375
506450.1953125 88.8818359375 0.94775390625 493.408203125 0.05712890625 172.119140625
744282.2265625 88.8818359375 0.94775390625 493.408203125 0.05712890625 172.119140625
506450.1953125 17.8662109375 0.94775390625 493.408203125 0.05712890625 172.119140625
506450.1953125 88.8818359375 0.19677734375 493.408203125 0.05712890625 172.119140625
506450.1953125 88.8818359375 0.94775390625 85.693359375 0.05712890625 172.119140625
506450.1953125 88.8818359375 0.94775390625 493.408203125 0.32177734375 172.119140625
506450.1953125 88.8818359375 0.94775390625 493.408203125 0.05712890625 210.693359375
506450.1953125 17.8662109375 0.19677734375 85.693359375 0.32177734375 210.693359375
744282.2265625 88.8818359375 0.19677734375 85.693359375 0.32177734375 210.693359375
744282.2265625 17.8662109375 0.94775390625 85.693359375 0.32177734375 210.693359375
744282.2265625 17.8662109375 0.19677734375 493.408203125 0.32177734375 210.693359375
744282.2265625 17.8662109375 0.19677734375 85.693359375 0.05712890625 210.693359375
744282.2265625 17.8662109375 0.19677734375 85.693359375 0.32177734375 172.119140625
744282.2265625 17.8662109375 0.19677734375 85.693359375 0.32177734375 210.693359375
753950.1953125 21.3818359375 0.19775390625 118.408203125 0.30712890625 47.119140625
496782.2265625 21.3818359375 0.19775390625 118.408203125 0.30712890625 47.119140625
753950.1953125 40.3662109375 0.19775390625 118.408203125 0.30712890625 47.119140625
753950.1953125 21.3818359375 0.44677734375 118.408203125 0.30712890625 47.119140625
753950.1953125 21.3818359375 0.19775390625 210.693359375 0.30712890625 47.119140625
753950.1953125 21.3818359375 0.19775390625 118.408203125 0.07177734375 47.119140625
753950.1953125 21.3818359375 0.19775390625 118.408203125 0.30712890625 85.693359375
753950.1953125 40.3662109375 0.44677734375 210.693359375 0.07177734375 85.693359375
496782.2265625 21.3818359375 0.44677734375 210.693359375 0.07177734375 85.693359375
496782.2265625 40.3662109375 0.19775390625 210.693359375 0.07177734375 85.693359375
496782.2265625 40.3662109375 0.44677734375 118.408203125 0.07177734375 85.693359375
496782.2265625 40.3662109375 0.44677734375 210.693359375 0.30712890625 85.693359375
496782.2265625 40.3662109375 0.44677734375 210.693359375 0.07177734375 47.119140625
496782.2265625 40.3662109375 0.44677734375 210.693359375 0.07177734375 85.693359375
258950.1953125 66.3818359375 0.69775390625 368.408203125 0.80712890625 297.119140625
991782.2265625 66.3818359375 0.69775390625 368.408203125 0.80712890625 297.119140625
258950.1953125 85.3662109375 0.69775390625 368.408203125 0.80712890625 297.119140625
258950.1953125 66.3818359375 0.94677734375 368.408203125 0.80712890625 297.119140625
258950.1953125 66.3818359375 0.69775390625 460.693359375 0.80712890625 297.119140625
258950.1953125 66.3818359375 0.69775390625 368.408203125 0.57177734375 297.119140625
258950.1953125 66.3818359375 0.69775390625 368.408203125 0.80712890625 335.693359375
258950.1953125 85.3662109375 0.94677734375 460.693359375 0.57177734375 335.693359375
991782.2265625 66.3818359375 0.94677734375 460.693359375 0.57177734375 335.693359375
991782.2265625 85.3662109375 0.69775390625 460.693359375 0.57177734375 335.693359375
991782.2265625 85.3662109375 0.94677734375 368.408203125 0.57177734375 335.693359375
991782.2265625 85.3662109375 0.94677734375 460.693359375 0.80712890625 335.693359375
991782.2265625 85.3662109375 0.94677734375 460.693359375 0.57177734375 297.119140625
991782.2265625 85.3662109375 0.94677734375 460.693359375 0.57177734375 335.693359375
382700.1953125 10.1318359375 0.82275390625 305.908203125 0.93212890625 484.619140625
373032.2265625 10.1318359375 0.82275390625 305.908203125 0.93212890625 484.619140625
382700.1953125 51.6162109375 0.82275390625 305.908203125 0.93212890625 484.619140625
382700.1953125 10.1318359375 0.32177734375 305.908203125 0.93212890625 484.619140625
382700.1953125 10.1318359375 0.82275390625 23.193359375 0.93212890625 484.619140625
382700.1953125 10.1318359375 0.82275390625 305.908203125 0.19677734375 484.619140625
382700.1953125 10.1318359375 0.82275390625 305.908203125 0.93212890625 273.193359375
382700.1953125 51.6162109375 0.32177734375 23.193359375 0.19677734375 273.193359375
373032.2265625 10.1318359375 0.32177734375 23.193359375 0.19677734375 273.193359375
373032.2265625 51.6162109375 0.82275390625 23.193359375 0.19677734375 273.193359375
373032.2265625 51.6162109375 0.32177734375 305.908203125 0.19677734375 273.193359375
373032.2265625 51.6162109375 0.32177734375 23.193359375 0.93212890625 273.193359375
373032.2265625 51.6162109375 0.32177734375 23.193359375 0.19677734375 484.619140625
373032.2265625 51.6162109375 0.32177734375 23.193359375 0.19677734375 273.193359375
877700.1953125 55.1318359375 0.32275390625 55.908203125 0.43212890625 234.619140625
868032.2265625 55.1318359375 0.32275390625 55.908203125 0.43212890625 234.619140625
877700.1953125 96.6162109375 0.32275390625 55.908203125 0.43212890625 234.619140625
877700.1953125 55.1318359375 0.82177734375 55.908203125 0.43212890625 234.619140625
877700.1953125 55.1318359375 0.32275390625 273.193359375 0.43212890625 234.619140625
877700.1953125 55.1318359375 0.32275390625 55.908203125 0.69677734375 234.619140625
877700.1953125 55.1318359375 0.32275390625 55.908203125 0.43212890625 23.193359375
877700.1953125 96.6162109375 0.82177734375 273.193359375 0.69677734375 23.193359375
868032.2265625 55.1318359375 0.82177734375 273.193359375 0.69677734375 23.193359375
868032.2265625 96.6162109375 0.32275390625 273.193359375 0.69677734375 23.193359375
868032.2265625 96.6162109375 0.82177734375 55.908203125 0.69677734375 23.193359375
868032.2265625 96.6162109375 0.82177734375 273.193359375 0.43212890625 23.193359375
868032.2265625 96.6162109375 0.82177734375 273.193359375 0.69677734375 234.619140625
868032.2265625 96.6162109375 0.82177734375 273.193359375 0.69677734375 23.193359375
630200.1953125 32.6318359375 0.57275390625 430.908203125 0.18212890625 109.619140625
125532.2265625 32.6318359375 0.57275390625 430.908203125 0.18212890625 109.619140625
630200.1953125 74.1162109375 0.57275390625 430.908203125 0.18212890625 109.619140625
630200.1953125 32.6318359375 0.57177734375 430.908203125 0.18212890625 109.619140625
630200.1953125 32.6318359375 0.57275390625 398.193359375 0.18212890625 109.619140625
630200.1953125 32.6318359375 0.57275390625 430.908203125 0.94677734375 109.619140625
630200.1953125 32.6318359375 0.57275390625 430.908203125 0.18212890625 148.193359375
630200.1953125 74.1162109375 0.57177734375 398.193359375 0.94677734375 148.193359375
125532.2265625 32.6318359375 0.57177734375 398.193359375 0.94677734375 148.193359375
125532.2265625 74.1162109375 0.57275390625 398.193359375 0.94677734375 148.193359375
125532.2265625 74.1162109375 0.57177734375 430.908203125 0.94677734375 148.193359375
125532.2265625 74.1162109375 0.57177734375 398.193359375 0.18212890625 148.193359375
125532.2265625 74.1162109375 0.57177734375 398.193359375 0.94677734375 109.619140625
125532.2265625 74.1162109375 0.57177734375 398.193359375 0.94677734375 148.193359375
135200.1953125 77.6318359375 0.07275390625 180.908203125 0.68212890625 359.619140625
620532.2265625 77.6318359375 0.07275390625 180.908203125 0.68212890625 359.619140625
135200.1953125 29.1162109375 0.07275390625 180.908203125 0.68212890625 359.619140625
135200.1953125 77.6318359375 0.07177734375 180.908203125 0.68212890625 359.619140625
135200.1953125 77.6318359375 0.07275390625 148.193359375 0.68212890625 359.619140625
135200.1953125 77.6318359375 0.07275390625 180.908203125 0.44677734375 359.619140625
135200.1953125 77.6318359375 0.07275390625 180.908203125 0.68212890625 398.193359375
135200.1953125 29.1162109375 0.07177734375 148.193359375 0.44677734375 398.193359375
620532.2265625 77.6318359375 0.07177734375 148.193359375 0.44677734375 398.193359375
620532.2265625 29.1162109375 0.07275390625 148.193359375 0.44677734375 398.193359375
620532.2265625 29.1162109375 0.07177734375 180.908203125 0.44677734375 398.193359375
620532.2265625 29.1162109375 0.07177734375 148.193359375 0.68212890625 398.193359375
620532.2265625 29.1162109375 0.07177734375 148.193359375 0.44677734375 359.619140625
620532.2265625 29.1162109375 0.07177734375 148.193359375 0.44677734375 398.193359375
197075.1953125 27.0068359375 0.51025390625 24.658203125 0.11962890625 265.869140625
311157.2265625 27.0068359375 0.51025390625 24.658203125 0.11962890625 265.869140625
197075.1953125 45.9912109375 0.51025390625 24.658203125 0.11962890625 265.869140625
197075.1953125 27.0068359375 0.25927734375 24.658203125 0.11962890625 265.869140625
197075.1953125 27.0068359375 0.51025390625 491.943359375 0.11962890625 265.869140625
197075.1953125 27.0068359375 0.51025390625 24.658203125 0.38427734375 265.869140625
197075.1953125 27.0068359375 0.51025390625 24.658203125 0.11962890625 491.943359375
197075.1953125 45.9912109375 0.25927734375 491.943359375 0.38427734375 491.943359375
311157.2265625 27.0068359375 0.25927734375 491.943359375 0.38427734375 491.943359375
311157.2265625 45.9912109375 0.51025390625 491.943359375 0.38427734375 491.943359375
311157.2265625 45.9912109375 0.25927734375 24.658203125 0.38427734375 491.943359375
311157.2265625 45.9912109375 0.25927734375 491.943359375 0.11962890625 491.943359375
311157.2265625 45.9912109375 0.25927734375 491.943359375 0.38427734375 265.869140625
311157.2265625 45.9912109375 0.25927734375 491.943359375 0.38427734375 491.943359375
692075.1953125 72.0068359375 0.01025390625 274.658203125 0.61962890625 15.869140625
806157.2265625 72.0068359375 0.01025390625 274.658203125 0.61962890625 15.869140625
692075.1953125 90.9912109375 0.01025390625 274.658203125 0.61962890625 15.869140625
692075.1953125 72.0068359375 0.75927734375 274.658203125 0.61962890625 15.869140625
692075.1953125 72.0068359375 0.01025390625 241.943359375 0.61962890625 15.869140625
692075.1953125 72.0068359375 0.01025390625 274.658203125 0.88427734375 15.869140625
692075.1953125 72.0068359375 0.01025390625 274.658203125 0.61962890625 241.943359375
692075.1953125 90.9912109375 0.75927734375 241.943359375 0.88427734375 241.943359375
806157.2265625 72.0068359375 0.75927734375 241.943359375 0.88427734375 241.943359375
806157.2265625 90.9912109375 0.01025390625 241.943359375 0.88427734375 241.943359375
806157.2265625 90.9912109375 0.75927734375 274.658203125 0.88427734375 241.943359375
806157.2265625 90.9912109375 0.75927734375 241.943359375 0.61962890625 241.943359375
806157.2265625 90.9912109375 0.75927734375 241.943359375 0.88427734375 15.869140625
806157.2265625 90.9912109375 0.75927734375 241.943359375 0.88427734375 241.943359375
939575.1953125 49.5068359375 0.76025390625 149.658203125 0.86962890625 140.869140625
63657.2265625 49.5068359375 0.76025390625 149.658203125 0.86962890625 140.869140625
939575.1953125 68.4912109375 0.76025390625 149.658203125 0.86962890625 140.869140625
939575.1953125 49.5068359375 0.50927734375 149.658203125 0.86962890625 140.869140625
939575.1953125 49.5068359375 0.76025390625 116.943359375 0.86962890625 140.869140625
939575.1953125 49.5068359375 0.76025390625 149.658203125 0.63427734375 140.869140625
939575.1953125 49.5068359375 0.76025390625 149.658203125 0.86962890625 116.943359375
939575.1953125 68.4912109375 0.50927734375 116.943359375 0.63427734375 116.943359375
63657.2265625 49.5068359375 0.50927734375 116.943359375 0.63427734375 116.943359375
63657.2265625 68.4912109375 0.76025390625 116.943359375 0.63427734375 116.943359375
63657.2265625 68.4912109375 0.50927734375 149.658203125 0.63427734375 116.943359375
63657.2265625 68.4912109375 0.50927734375 116.943359375 0.86962890625 116.943359375
63657.2265625 68.4912109375 0.50927734375 116.943359375 0.63427734375 140.869140625
63657.2265625 68.4912109375 0.50927734375 116.943359375 0.63427734375 116.943359375
